DATASET_NAME: BCWfull.train0.csv
ENSEMBLE: RF
NB_TREES: 100
NB_FEATURES: 9
NB_CLASSES: 2
MAX_TREE_DEPTH: 5
Format: node / node type (LN - leave node, IN - internal node) left child / right child / feature / threshold / node_depth / majority class (starts with index 0)

[TREE 0]
NB_NODES: 29
0 IN 1 8 2 2.5 0 -1
1 IN 2 3 6 3.5 1 -1
2 LN -1 -1 -1 -1 2 0
3 IN 4 5 0 4.5 2 -1
4 LN -1 -1 -1 -1 3 0
5 IN 6 7 5 1.5 3 -1
6 LN -1 -1 -1 -1 4 0
7 LN -1 -1 -1 -1 4 1
8 IN 9 16 5 1.5 1 -1
9 IN 10 11 4 3.5 2 -1
10 LN -1 -1 -1 -1 3 0
11 IN 12 15 3 2.0 3 -1
12 IN 13 14 8 2.5 4 -1
13 LN -1 -1 -1 -1 5 0
14 LN -1 -1 -1 -1 5 1
15 LN -1 -1 -1 -1 4 1
16 IN 17 24 0 6.5 2 -1
17 IN 18 21 6 3.5 3 -1
18 IN 19 20 7 2.5 4 -1
19 LN -1 -1 -1 -1 5 0
20 LN -1 -1 -1 -1 5 1
21 IN 22 23 5 5.5 4 -1
22 LN -1 -1 -1 -1 5 1
23 LN -1 -1 -1 -1 5 1
24 IN 25 28 5 2.5 3 -1
25 IN 26 27 2 5.0 4 -1
26 LN -1 -1 -1 -1 5 0
27 LN -1 -1 -1 -1 5 1
28 LN -1 -1 -1 -1 4 1

[TREE 1]
NB_NODES: 43
0 IN 1 22 7 2.5 0 -1
1 IN 2 13 1 3.5 1 -1
2 IN 3 8 4 4.5 2 -1
3 IN 4 7 0 9.0 3 -1
4 IN 5 6 5 3.5 4 -1
5 LN -1 -1 -1 -1 5 0
6 LN -1 -1 -1 -1 5 0
7 LN -1 -1 -1 -1 4 1
8 IN 9 10 0 3.0 3 -1
9 LN -1 -1 -1 -1 4 0
10 IN 11 12 3 2.0 4 -1
11 LN -1 -1 -1 -1 5 0
12 LN -1 -1 -1 -1 5 1
13 IN 14 17 6 2.5 2 -1
14 IN 15 16 2 6.0 3 -1
15 LN -1 -1 -1 -1 4 0
16 LN -1 -1 -1 -1 4 1
17 IN 18 21 1 4.5 3 -1
18 IN 19 20 7 1.5 4 -1
19 LN -1 -1 -1 -1 5 1
20 LN -1 -1 -1 -1 5 0
21 LN -1 -1 -1 -1 4 1
22 IN 23 32 5 2.5 1 -1
23 IN 24 25 4 3.5 2 -1
24 LN -1 -1 -1 -1 3 0
25 IN 26 29 6 3.5 3 -1
26 IN 27 28 7 5.5 4 -1
27 LN -1 -1 -1 -1 5 1
28 LN -1 -1 -1 -1 5 0
29 IN 30 31 7 8.5 4 -1
30 LN -1 -1 -1 -1 5 1
31 LN -1 -1 -1 -1 5 1
32 IN 33 38 0 4.5 2 -1
33 IN 34 37 1 4.5 3 -1
34 IN 35 36 1 3.5 4 -1
35 LN -1 -1 -1 -1 5 1
36 LN -1 -1 -1 -1 5 0
37 LN -1 -1 -1 -1 4 1
38 IN 39 42 7 7.5 3 -1
39 IN 40 41 6 4.5 4 -1
40 LN -1 -1 -1 -1 5 1
41 LN -1 -1 -1 -1 5 1
42 LN -1 -1 -1 -1 4 1

[TREE 2]
NB_NODES: 29
0 IN 1 10 2 2.5 0 -1
1 IN 2 9 5 5.5 1 -1
2 IN 3 8 1 7.0 2 -1
3 IN 4 5 5 4.5 3 -1
4 LN -1 -1 -1 -1 4 0
5 IN 6 7 3 2.0 4 -1
6 LN -1 -1 -1 -1 5 0
7 LN -1 -1 -1 -1 5 0
8 LN -1 -1 -1 -1 3 1
9 LN -1 -1 -1 -1 2 1
10 IN 11 18 3 1.5 1 -1
11 IN 12 17 0 7.0 2 -1
12 IN 13 16 8 2.0 3 -1
13 IN 14 15 5 4.5 4 -1
14 LN -1 -1 -1 -1 5 0
15 LN -1 -1 -1 -1 5 1
16 LN -1 -1 -1 -1 4 1
17 LN -1 -1 -1 -1 3 1
18 IN 19 24 0 4.5 2 -1
19 IN 20 21 4 2.5 3 -1
20 LN -1 -1 -1 -1 4 0
21 IN 22 23 1 4.5 4 -1
22 LN -1 -1 -1 -1 5 0
23 LN -1 -1 -1 -1 5 1
24 IN 25 26 1 2.0 3 -1
25 LN -1 -1 -1 -1 4 0
26 IN 27 28 2 3.5 4 -1
27 LN -1 -1 -1 -1 5 1
28 LN -1 -1 -1 -1 5 1

[TREE 3]
NB_NODES: 33
0 IN 1 20 7 2.5 0 -1
1 IN 2 15 0 6.5 1 -1
2 IN 3 10 4 5.5 2 -1
3 IN 4 7 5 9.0 3 -1
4 IN 5 6 2 7.5 4 -1
5 LN -1 -1 -1 -1 5 0
6 LN -1 -1 -1 -1 5 1
7 IN 8 9 3 1.5 4 -1
8 LN -1 -1 -1 -1 5 0
9 LN -1 -1 -1 -1 5 1
10 IN 11 14 7 1.5 3 -1
11 IN 12 13 0 2.0 4 -1
12 LN -1 -1 -1 -1 5 0
13 LN -1 -1 -1 -1 5 1
14 LN -1 -1 -1 -1 4 0
15 IN 16 19 6 2.5 2 -1
16 IN 17 18 3 2.0 3 -1
17 LN -1 -1 -1 -1 4 1
18 LN -1 -1 -1 -1 4 0
19 LN -1 -1 -1 -1 3 1
20 IN 21 24 5 1.5 1 -1
21 IN 22 23 1 4.5 2 -1
22 LN -1 -1 -1 -1 3 0
23 LN -1 -1 -1 -1 3 1
24 IN 25 32 3 6.5 2 -1
25 IN 26 29 2 4.5 3 -1
26 IN 27 28 5 8.5 4 -1
27 LN -1 -1 -1 -1 5 1
28 LN -1 -1 -1 -1 5 1
29 IN 30 31 5 3.5 4 -1
30 LN -1 -1 -1 -1 5 1
31 LN -1 -1 -1 -1 5 1
32 LN -1 -1 -1 -1 3 1

[TREE 4]
NB_NODES: 39
0 IN 1 20 1 3.5 0 -1
1 IN 2 9 7 2.5 1 -1
2 IN 3 8 3 4.5 2 -1
3 IN 4 7 4 5.5 3 -1
4 IN 5 6 3 3.5 4 -1
5 LN -1 -1 -1 -1 5 0
6 LN -1 -1 -1 -1 5 0
7 LN -1 -1 -1 -1 4 1
8 LN -1 -1 -1 -1 3 1
9 IN 10 15 2 2.5 2 -1
10 IN 11 12 6 4.5 3 -1
11 LN -1 -1 -1 -1 4 0
12 IN 13 14 3 1.5 4 -1
13 LN -1 -1 -1 -1 5 1
14 LN -1 -1 -1 -1 5 0
15 IN 16 17 1 2.5 3 -1
16 LN -1 -1 -1 -1 4 1
17 IN 18 19 2 4.5 4 -1
18 LN -1 -1 -1 -1 5 1
19 LN -1 -1 -1 -1 5 1
20 IN 21 26 4 2.5 1 -1
21 IN 22 25 5 6.5 2 -1
22 IN 23 24 2 6.0 3 -1
23 LN -1 -1 -1 -1 4 0
24 LN -1 -1 -1 -1 4 1
25 LN -1 -1 -1 -1 3 1
26 IN 27 32 7 2.5 2 -1
27 IN 28 29 7 1.5 3 -1
28 LN -1 -1 -1 -1 4 1
29 IN 30 31 5 6.0 4 -1
30 LN -1 -1 -1 -1 5 1
31 LN -1 -1 -1 -1 5 0
32 IN 33 36 3 1.5 3 -1
33 IN 34 35 0 7.0 4 -1
34 LN -1 -1 -1 -1 5 1
35 LN -1 -1 -1 -1 5 1
36 IN 37 38 8 2.5 4 -1
37 LN -1 -1 -1 -1 5 1
38 LN -1 -1 -1 -1 5 1

[TREE 5]
NB_NODES: 31
0 IN 1 16 5 2.5 0 -1
1 IN 2 11 2 4.5 1 -1
2 IN 3 6 4 4.5 2 -1
3 IN 4 5 0 8.0 3 -1
4 LN -1 -1 -1 -1 4 0
5 LN -1 -1 -1 -1 4 1
6 IN 7 10 1 3.5 3 -1
7 IN 8 9 0 4.5 4 -1
8 LN -1 -1 -1 -1 5 0
9 LN -1 -1 -1 -1 5 1
10 LN -1 -1 -1 -1 4 1
11 IN 12 15 4 3.5 2 -1
12 IN 13 14 5 1.5 3 -1
13 LN -1 -1 -1 -1 4 0
14 LN -1 -1 -1 -1 4 1
15 LN -1 -1 -1 -1 3 1
16 IN 17 20 1 1.5 1 -1
17 IN 18 19 0 3.5 2 -1
18 LN -1 -1 -1 -1 3 0
19 LN -1 -1 -1 -1 3 1
20 IN 21 26 2 2.5 2 -1
21 IN 22 23 5 3.5 3 -1
22 LN -1 -1 -1 -1 4 0
23 IN 24 25 4 2.5 4 -1
24 LN -1 -1 -1 -1 5 0
25 LN -1 -1 -1 -1 5 1
26 IN 27 30 3 5.5 3 -1
27 IN 28 29 6 4.5 4 -1
28 LN -1 -1 -1 -1 5 1
29 LN -1 -1 -1 -1 5 1
30 LN -1 -1 -1 -1 4 1

[TREE 6]
NB_NODES: 37
0 IN 1 16 2 3.5 0 -1
1 IN 2 9 0 6.5 1 -1
2 IN 3 8 5 7.5 2 -1
3 IN 4 5 5 3.5 3 -1
4 LN -1 -1 -1 -1 4 0
5 IN 6 7 1 2.0 4 -1
6 LN -1 -1 -1 -1 5 0
7 LN -1 -1 -1 -1 5 1
8 LN -1 -1 -1 -1 3 1
9 IN 10 11 5 1.5 2 -1
10 LN -1 -1 -1 -1 3 0
11 IN 12 15 6 3.5 3 -1
12 IN 13 14 8 1.5 4 -1
13 LN -1 -1 -1 -1 5 1
14 LN -1 -1 -1 -1 5 1
15 LN -1 -1 -1 -1 4 1
16 IN 17 24 2 4.5 1 -1
17 IN 18 19 7 1.5 2 -1
18 LN -1 -1 -1 -1 3 0
19 IN 20 23 5 7.5 3 -1
20 IN 21 22 5 6.0 4 -1
21 LN -1 -1 -1 -1 5 1
22 LN -1 -1 -1 -1 5 0
23 LN -1 -1 -1 -1 4 1
24 IN 25 32 0 6.5 2 -1
25 IN 26 29 5 4.5 3 -1
26 IN 27 28 3 2.0 4 -1
27 LN -1 -1 -1 -1 5 0
28 LN -1 -1 -1 -1 5 1
29 IN 30 31 1 6.5 4 -1
30 LN -1 -1 -1 -1 5 1
31 LN -1 -1 -1 -1 5 1
32 IN 33 36 2 6.5 3 -1
33 IN 34 35 5 1.5 4 -1
34 LN -1 -1 -1 -1 5 0
35 LN -1 -1 -1 -1 5 1
36 LN -1 -1 -1 -1 4 1

[TREE 7]
NB_NODES: 31
0 IN 1 16 4 2.5 0 -1
1 IN 2 11 0 6.5 1 -1
2 IN 3 8 7 3.5 2 -1
3 IN 4 7 3 7.0 3 -1
4 IN 5 6 4 1.5 4 -1
5 LN -1 -1 -1 -1 5 0
6 LN -1 -1 -1 -1 5 0
7 LN -1 -1 -1 -1 4 1
8 IN 9 10 3 2.0 3 -1
9 LN -1 -1 -1 -1 4 0
10 LN -1 -1 -1 -1 4 1
11 IN 12 15 5 2.5 2 -1
12 IN 13 14 3 1.5 3 -1
13 LN -1 -1 -1 -1 4 0
14 LN -1 -1 -1 -1 4 1
15 LN -1 -1 -1 -1 3 1
16 IN 17 20 6 2.5 1 -1
17 IN 18 19 2 3.0 2 -1
18 LN -1 -1 -1 -1 3 0
19 LN -1 -1 -1 -1 3 1
20 IN 21 26 1 4.5 2 -1
21 IN 22 25 0 8.5 3 -1
22 IN 23 24 5 7.5 4 -1
23 LN -1 -1 -1 -1 5 0
24 LN -1 -1 -1 -1 5 1
25 LN -1 -1 -1 -1 4 1
26 IN 27 30 0 6.5 3 -1
27 IN 28 29 5 8.5 4 -1
28 LN -1 -1 -1 -1 5 1
29 LN -1 -1 -1 -1 5 1
30 LN -1 -1 -1 -1 4 1

[TREE 8]
NB_NODES: 37
0 IN 1 24 3 3.5 0 -1
1 IN 2 13 2 3.5 1 -1
2 IN 3 8 6 3.5 2 -1
3 IN 4 7 0 7.0 3 -1
4 IN 5 6 4 5.5 4 -1
5 LN -1 -1 -1 -1 5 0
6 LN -1 -1 -1 -1 5 0
7 LN -1 -1 -1 -1 4 1
8 IN 9 10 2 1.5 3 -1
9 LN -1 -1 -1 -1 4 0
10 IN 11 12 5 1.5 4 -1
11 LN -1 -1 -1 -1 5 0
12 LN -1 -1 -1 -1 5 1
13 IN 14 19 5 3.5 2 -1
14 IN 15 18 6 4.5 3 -1
15 IN 16 17 3 1.5 4 -1
16 LN -1 -1 -1 -1 5 1
17 LN -1 -1 -1 -1 5 0
18 LN -1 -1 -1 -1 4 1
19 IN 20 23 0 5.5 3 -1
20 IN 21 22 5 9.0 4 -1
21 LN -1 -1 -1 -1 5 0
22 LN -1 -1 -1 -1 5 1
23 LN -1 -1 -1 -1 4 1
24 IN 25 30 6 2.5 1 -1
25 IN 26 29 8 1.5 2 -1
26 IN 27 28 2 3.0 3 -1
27 LN -1 -1 -1 -1 4 0
28 LN -1 -1 -1 -1 4 1
29 LN -1 -1 -1 -1 3 1
30 IN 31 32 2 1.5 2 -1
31 LN -1 -1 -1 -1 3 0
32 IN 33 36 5 7.5 3 -1
33 IN 34 35 2 4.5 4 -1
34 LN -1 -1 -1 -1 5 1
35 LN -1 -1 -1 -1 5 1
36 LN -1 -1 -1 -1 4 1

[TREE 9]
NB_NODES: 27
0 IN 1 10 5 2.5 0 -1
1 IN 2 9 7 6.5 1 -1
2 IN 3 8 6 8.5 2 -1
3 IN 4 7 3 8.0 3 -1
4 IN 5 6 1 4.5 4 -1
5 LN -1 -1 -1 -1 5 0
6 LN -1 -1 -1 -1 5 1
7 LN -1 -1 -1 -1 4 1
8 LN -1 -1 -1 -1 3 1
9 LN -1 -1 -1 -1 2 1
10 IN 11 18 2 2.5 1 -1
11 IN 12 13 5 5.5 2 -1
12 LN -1 -1 -1 -1 3 0
13 IN 14 17 8 1.5 3 -1
14 IN 15 16 0 5.5 4 -1
15 LN -1 -1 -1 -1 5 0
16 LN -1 -1 -1 -1 5 1
17 LN -1 -1 -1 -1 4 1
18 IN 19 26 0 6.5 2 -1
19 IN 20 23 5 8.5 3 -1
20 IN 21 22 0 5.5 4 -1
21 LN -1 -1 -1 -1 5 1
22 LN -1 -1 -1 -1 5 0
23 IN 24 25 1 4.5 4 -1
24 LN -1 -1 -1 -1 5 1
25 LN -1 -1 -1 -1 5 1
26 LN -1 -1 -1 -1 3 1

[TREE 10]
NB_NODES: 41
0 IN 1 24 6 3.5 0 -1
1 IN 2 11 1 2.5 1 -1
2 IN 3 8 7 2.5 2 -1
3 IN 4 5 5 4.5 3 -1
4 LN -1 -1 -1 -1 4 0
5 IN 6 7 0 2.5 4 -1
6 LN -1 -1 -1 -1 5 0
7 LN -1 -1 -1 -1 5 1
8 IN 9 10 4 2.5 3 -1
9 LN -1 -1 -1 -1 4 0
10 LN -1 -1 -1 -1 4 1
11 IN 12 17 0 4.5 2 -1
12 IN 13 14 7 2.5 3 -1
13 LN -1 -1 -1 -1 4 0
14 IN 15 16 0 3.5 4 -1
15 LN -1 -1 -1 -1 5 1
16 LN -1 -1 -1 -1 5 0
17 IN 18 21 7 2.5 3 -1
18 IN 19 20 5 2.5 4 -1
19 LN -1 -1 -1 -1 5 0
20 LN -1 -1 -1 -1 5 1
21 IN 22 23 0 6.5 4 -1
22 LN -1 -1 -1 -1 5 1
23 LN -1 -1 -1 -1 5 1
24 IN 25 34 3 1.5 1 -1
25 IN 26 33 2 2.5 2 -1
26 IN 27 30 1 2.5 3 -1
27 IN 28 29 7 3.0 4 -1
28 LN -1 -1 -1 -1 5 0
29 LN -1 -1 -1 -1 5 1
30 IN 31 32 0 5.0 4 -1
31 LN -1 -1 -1 -1 5 0
32 LN -1 -1 -1 -1 5 1
33 LN -1 -1 -1 -1 3 1
34 IN 35 40 1 4.5 2 -1
35 IN 36 39 5 7.5 3 -1
36 IN 37 38 7 9.0 4 -1
37 LN -1 -1 -1 -1 5 0
38 LN -1 -1 -1 -1 5 1
39 LN -1 -1 -1 -1 4 1
40 LN -1 -1 -1 -1 3 1

[TREE 11]
NB_NODES: 35
0 IN 1 16 1 2.5 0 -1
1 IN 2 11 7 3.5 1 -1
2 IN 3 8 6 4.0 2 -1
3 IN 4 7 0 9.0 3 -1
4 IN 5 6 5 3.5 4 -1
5 LN -1 -1 -1 -1 5 0
6 LN -1 -1 -1 -1 5 0
7 LN -1 -1 -1 -1 4 1
8 IN 9 10 2 2.5 3 -1
9 LN -1 -1 -1 -1 4 0
10 LN -1 -1 -1 -1 4 1
11 IN 12 15 0 4.5 2 -1
12 IN 13 14 3 3.0 3 -1
13 LN -1 -1 -1 -1 4 0
14 LN -1 -1 -1 -1 4 1
15 LN -1 -1 -1 -1 3 1
16 IN 17 22 2 2.5 1 -1
17 IN 18 21 3 7.0 2 -1
18 IN 19 20 0 5.5 3 -1
19 LN -1 -1 -1 -1 4 0
20 LN -1 -1 -1 -1 4 1
21 LN -1 -1 -1 -1 3 1
22 IN 23 30 3 1.5 2 -1
23 IN 24 27 0 7.0 3 -1
24 IN 25 26 2 4.5 4 -1
25 LN -1 -1 -1 -1 5 0
26 LN -1 -1 -1 -1 5 0
27 IN 28 29 4 2.5 4 -1
28 LN -1 -1 -1 -1 5 1
29 LN -1 -1 -1 -1 5 1
30 IN 31 34 3 5.5 3 -1
31 IN 32 33 0 3.5 4 -1
32 LN -1 -1 -1 -1 5 0
33 LN -1 -1 -1 -1 5 1
34 LN -1 -1 -1 -1 4 1

[TREE 12]
NB_NODES: 37
0 IN 1 12 2 2.5 0 -1
1 IN 2 11 6 6.0 1 -1
2 IN 3 8 8 3.5 2 -1
3 IN 4 7 0 9.0 3 -1
4 IN 5 6 0 5.5 4 -1
5 LN -1 -1 -1 -1 5 0
6 LN -1 -1 -1 -1 5 0
7 LN -1 -1 -1 -1 4 1
8 IN 9 10 5 1.5 3 -1
9 LN -1 -1 -1 -1 4 0
10 LN -1 -1 -1 -1 4 1
11 LN -1 -1 -1 -1 2 1
12 IN 13 24 2 4.5 1 -1
13 IN 14 19 4 2.5 2 -1
14 IN 15 18 6 4.0 3 -1
15 IN 16 17 5 6.0 4 -1
16 LN -1 -1 -1 -1 5 0
17 LN -1 -1 -1 -1 5 1
18 LN -1 -1 -1 -1 4 1
19 IN 20 23 5 8.0 3 -1
20 IN 21 22 1 4.5 4 -1
21 LN -1 -1 -1 -1 5 1
22 LN -1 -1 -1 -1 5 1
23 LN -1 -1 -1 -1 4 1
24 IN 25 32 0 6.5 2 -1
25 IN 26 29 6 3.5 3 -1
26 IN 27 28 3 1.5 4 -1
27 LN -1 -1 -1 -1 5 0
28 LN -1 -1 -1 -1 5 1
29 IN 30 31 5 3.5 4 -1
30 LN -1 -1 -1 -1 5 1
31 LN -1 -1 -1 -1 5 1
32 IN 33 36 1 4.5 3 -1
33 IN 34 35 5 3.0 4 -1
34 LN -1 -1 -1 -1 5 1
35 LN -1 -1 -1 -1 5 1
36 LN -1 -1 -1 -1 4 1

[TREE 13]
NB_NODES: 37
0 IN 1 16 4 2.5 0 -1
1 IN 2 13 7 2.5 1 -1
2 IN 3 10 2 4.5 2 -1
3 IN 4 7 5 5.5 3 -1
4 IN 5 6 5 4.5 4 -1
5 LN -1 -1 -1 -1 5 0
6 LN -1 -1 -1 -1 5 0
7 IN 8 9 2 1.5 4 -1
8 LN -1 -1 -1 -1 5 0
9 LN -1 -1 -1 -1 5 1
10 IN 11 12 5 1.5 3 -1
11 LN -1 -1 -1 -1 4 0
12 LN -1 -1 -1 -1 4 1
13 IN 14 15 5 2.5 2 -1
14 LN -1 -1 -1 -1 3 0
15 LN -1 -1 -1 -1 3 1
16 IN 17 24 1 2.5 1 -1
17 IN 18 21 0 6.0 2 -1
18 IN 19 20 2 2.5 3 -1
19 LN -1 -1 -1 -1 4 0
20 LN -1 -1 -1 -1 4 1
21 IN 22 23 2 1.5 3 -1
22 LN -1 -1 -1 -1 4 0
23 LN -1 -1 -1 -1 4 1
24 IN 25 30 5 1.5 2 -1
25 IN 26 29 3 4.5 3 -1
26 IN 27 28 6 5.5 4 -1
27 LN -1 -1 -1 -1 5 0
28 LN -1 -1 -1 -1 5 1
29 LN -1 -1 -1 -1 4 1
30 IN 31 34 0 3.5 3 -1
31 IN 32 33 3 3.5 4 -1
32 LN -1 -1 -1 -1 5 0
33 LN -1 -1 -1 -1 5 1
34 IN 35 36 2 4.5 4 -1
35 LN -1 -1 -1 -1 5 1
36 LN -1 -1 -1 -1 5 1

[TREE 14]
NB_NODES: 39
0 IN 1 24 1 3.5 0 -1
1 IN 2 13 5 3.5 1 -1
2 IN 3 10 8 3.5 2 -1
3 IN 4 7 7 3.5 3 -1
4 IN 5 6 4 5.5 4 -1
5 LN -1 -1 -1 -1 5 0
6 LN -1 -1 -1 -1 5 0
7 IN 8 9 0 4.5 4 -1
8 LN -1 -1 -1 -1 5 0
9 LN -1 -1 -1 -1 5 1
10 IN 11 12 0 4.0 3 -1
11 LN -1 -1 -1 -1 4 0
12 LN -1 -1 -1 -1 4 1
13 IN 14 19 1 1.5 2 -1
14 IN 15 16 0 3.5 3 -1
15 LN -1 -1 -1 -1 4 0
16 IN 17 18 4 3.0 4 -1
17 LN -1 -1 -1 -1 5 1
18 LN -1 -1 -1 -1 5 0
19 IN 20 23 5 5.5 3 -1
20 IN 21 22 4 3.5 4 -1
21 LN -1 -1 -1 -1 5 1
22 LN -1 -1 -1 -1 5 0
23 LN -1 -1 -1 -1 4 1
24 IN 25 32 1 4.5 1 -1
25 IN 26 31 2 4.5 2 -1
26 IN 27 30 3 7.0 3 -1
27 IN 28 29 8 1.5 4 -1
28 LN -1 -1 -1 -1 5 0
29 LN -1 -1 -1 -1 5 1
30 LN -1 -1 -1 -1 4 1
31 LN -1 -1 -1 -1 3 1
32 IN 33 38 0 6.5 2 -1
33 IN 34 37 3 1.5 3 -1
34 IN 35 36 8 2.0 4 -1
35 LN -1 -1 -1 -1 5 0
36 LN -1 -1 -1 -1 5 1
37 LN -1 -1 -1 -1 4 1
38 LN -1 -1 -1 -1 3 1

[TREE 15]
NB_NODES: 41
0 IN 1 22 6 3.5 0 -1
1 IN 2 13 2 3.5 1 -1
2 IN 3 10 0 7.5 2 -1
3 IN 4 7 4 5.0 3 -1
4 IN 5 6 5 2.5 4 -1
5 LN -1 -1 -1 -1 5 0
6 LN -1 -1 -1 -1 5 0
7 IN 8 9 5 5.5 4 -1
8 LN -1 -1 -1 -1 5 0
9 LN -1 -1 -1 -1 5 1
10 IN 11 12 2 1.5 3 -1
11 LN -1 -1 -1 -1 4 0
12 LN -1 -1 -1 -1 4 1
13 IN 14 17 6 1.5 2 -1
14 IN 15 16 8 1.5 3 -1
15 LN -1 -1 -1 -1 4 0
16 LN -1 -1 -1 -1 4 1
17 IN 18 19 1 1.5 3 -1
18 LN -1 -1 -1 -1 4 0
19 IN 20 21 5 2.0 4 -1
20 LN -1 -1 -1 -1 5 0
21 LN -1 -1 -1 -1 5 1
22 IN 23 26 0 3.5 1 -1
23 IN 24 25 5 6.5 2 -1
24 LN -1 -1 -1 -1 3 0
25 LN -1 -1 -1 -1 3 1
26 IN 27 34 0 4.5 2 -1
27 IN 28 31 7 3.5 3 -1
28 IN 29 30 4 5.0 4 -1
29 LN -1 -1 -1 -1 5 1
30 LN -1 -1 -1 -1 5 0
31 IN 32 33 6 5.5 4 -1
32 LN -1 -1 -1 -1 5 0
33 LN -1 -1 -1 -1 5 1
34 IN 35 38 7 2.5 3 -1
35 IN 36 37 6 4.5 4 -1
36 LN -1 -1 -1 -1 5 1
37 LN -1 -1 -1 -1 5 1
38 IN 39 40 2 4.5 4 -1
39 LN -1 -1 -1 -1 5 1
40 LN -1 -1 -1 -1 5 1

[TREE 16]
NB_NODES: 31
0 IN 1 16 2 3.5 0 -1
1 IN 2 13 3 7.0 1 -1
2 IN 3 10 1 3.5 2 -1
3 IN 4 7 6 3.5 3 -1
4 IN 5 6 1 1.5 4 -1
5 LN -1 -1 -1 -1 5 0
6 LN -1 -1 -1 -1 5 0
7 IN 8 9 4 2.5 4 -1
8 LN -1 -1 -1 -1 5 0
9 LN -1 -1 -1 -1 5 1
10 IN 11 12 6 3.0 3 -1
11 LN -1 -1 -1 -1 4 0
12 LN -1 -1 -1 -1 4 1
13 IN 14 15 1 2.0 2 -1
14 LN -1 -1 -1 -1 3 0
15 LN -1 -1 -1 -1 3 1
16 IN 17 24 6 3.5 1 -1
17 IN 18 23 0 5.5 2 -1
18 IN 19 22 4 9.0 3 -1
19 IN 20 21 3 3.5 4 -1
20 LN -1 -1 -1 -1 5 0
21 LN -1 -1 -1 -1 5 1
22 LN -1 -1 -1 -1 4 1
23 LN -1 -1 -1 -1 3 1
24 IN 25 30 2 4.5 2 -1
25 IN 26 29 5 7.5 3 -1
26 IN 27 28 1 5.5 4 -1
27 LN -1 -1 -1 -1 5 0
28 LN -1 -1 -1 -1 5 1
29 LN -1 -1 -1 -1 4 1
30 LN -1 -1 -1 -1 3 1

[TREE 17]
NB_NODES: 37
0 IN 1 20 6 3.5 0 -1
1 IN 2 15 0 6.5 1 -1
2 IN 3 8 5 1.5 2 -1
3 IN 4 5 4 4.5 3 -1
4 LN -1 -1 -1 -1 4 0
5 IN 6 7 7 2.0 4 -1
6 LN -1 -1 -1 -1 5 0
7 LN -1 -1 -1 -1 5 1
8 IN 9 12 4 2.5 3 -1
9 IN 10 11 4 1.5 4 -1
10 LN -1 -1 -1 -1 5 0
11 LN -1 -1 -1 -1 5 0
12 IN 13 14 1 2.5 4 -1
13 LN -1 -1 -1 -1 5 0
14 LN -1 -1 -1 -1 5 1
15 IN 16 19 2 3.5 2 -1
16 IN 17 18 8 1.5 3 -1
17 LN -1 -1 -1 -1 4 0
18 LN -1 -1 -1 -1 4 1
19 LN -1 -1 -1 -1 3 1
20 IN 21 26 2 1.5 1 -1
21 IN 22 25 1 1.5 2 -1
22 IN 23 24 5 7.5 3 -1
23 LN -1 -1 -1 -1 4 0
24 LN -1 -1 -1 -1 4 1
25 LN -1 -1 -1 -1 3 0
26 IN 27 32 2 4.5 2 -1
27 IN 28 29 0 2.5 3 -1
28 LN -1 -1 -1 -1 4 0
29 IN 30 31 7 3.5 4 -1
30 LN -1 -1 -1 -1 5 1
31 LN -1 -1 -1 -1 5 1
32 IN 33 34 1 8.5 3 -1
33 LN -1 -1 -1 -1 4 1
34 IN 35 36 7 2.5 4 -1
35 LN -1 -1 -1 -1 5 1
36 LN -1 -1 -1 -1 5 1

[TREE 18]
NB_NODES: 43
0 IN 1 26 3 3.5 0 -1
1 IN 2 15 5 3.5 1 -1
2 IN 3 10 6 3.5 2 -1
3 IN 4 7 2 3.5 3 -1
4 IN 5 6 8 2.5 4 -1
5 LN -1 -1 -1 -1 5 0
6 LN -1 -1 -1 -1 5 0
7 IN 8 9 5 1.5 4 -1
8 LN -1 -1 -1 -1 5 0
9 LN -1 -1 -1 -1 5 1
10 IN 11 14 1 4.5 3 -1
11 IN 12 13 0 9.0 4 -1
12 LN -1 -1 -1 -1 5 0
13 LN -1 -1 -1 -1 5 1
14 LN -1 -1 -1 -1 4 1
15 IN 16 23 5 5.5 2 -1
16 IN 17 20 1 1.5 3 -1
17 IN 18 19 0 3.5 4 -1
18 LN -1 -1 -1 -1 5 0
19 LN -1 -1 -1 -1 5 1
20 IN 21 22 1 9.0 4 -1
21 LN -1 -1 -1 -1 5 1
22 LN -1 -1 -1 -1 5 1
23 IN 24 25 0 1.5 3 -1
24 LN -1 -1 -1 -1 4 0
25 LN -1 -1 -1 -1 4 1
26 IN 27 30 1 2.5 1 -1
27 IN 28 29 5 6.0 2 -1
28 LN -1 -1 -1 -1 3 0
29 LN -1 -1 -1 -1 3 1
30 IN 31 36 0 4.5 2 -1
31 IN 32 35 5 6.5 3 -1
32 IN 33 34 4 5.5 4 -1
33 LN -1 -1 -1 -1 5 1
34 LN -1 -1 -1 -1 5 0
35 LN -1 -1 -1 -1 4 1
36 IN 37 40 1 3.5 3 -1
37 IN 38 39 8 2.5 4 -1
38 LN -1 -1 -1 -1 5 1
39 LN -1 -1 -1 -1 5 1
40 IN 41 42 6 4.5 4 -1
41 LN -1 -1 -1 -1 5 1
42 LN -1 -1 -1 -1 5 1

[TREE 19]
NB_NODES: 39
0 IN 1 16 5 3.5 0 -1
1 IN 2 9 2 3.5 1 -1
2 IN 3 8 1 3.5 2 -1
3 IN 4 5 2 2.5 3 -1
4 LN -1 -1 -1 -1 4 0
5 IN 6 7 7 2.5 4 -1
6 LN -1 -1 -1 -1 5 0
7 LN -1 -1 -1 -1 5 1
8 LN -1 -1 -1 -1 3 1
9 IN 10 11 6 2.5 2 -1
10 LN -1 -1 -1 -1 3 0
11 IN 12 15 1 4.5 3 -1
12 IN 13 14 3 4.0 4 -1
13 LN -1 -1 -1 -1 5 0
14 LN -1 -1 -1 -1 5 1
15 LN -1 -1 -1 -1 4 1
16 IN 17 26 1 1.5 1 -1
17 IN 18 23 6 4.0 2 -1
18 IN 19 20 5 4.5 3 -1
19 LN -1 -1 -1 -1 4 0
20 IN 21 22 0 2.5 4 -1
21 LN -1 -1 -1 -1 5 0
22 LN -1 -1 -1 -1 5 1
23 IN 24 25 0 3.5 3 -1
24 LN -1 -1 -1 -1 4 0
25 LN -1 -1 -1 -1 4 1
26 IN 27 32 2 2.5 2 -1
27 IN 28 31 5 5.5 3 -1
28 IN 29 30 5 4.5 4 -1
29 LN -1 -1 -1 -1 5 1
30 LN -1 -1 -1 -1 5 0
31 LN -1 -1 -1 -1 4 1
32 IN 33 36 5 4.5 3 -1
33 IN 34 35 8 2.0 4 -1
34 LN -1 -1 -1 -1 5 0
35 LN -1 -1 -1 -1 5 1
36 IN 37 38 1 4.5 4 -1
37 LN -1 -1 -1 -1 5 1
38 LN -1 -1 -1 -1 5 1

[TREE 20]
NB_NODES: 27
0 IN 1 14 3 2.5 0 -1
1 IN 2 13 0 6.5 1 -1
2 IN 3 8 1 2.5 2 -1
3 IN 4 5 6 4.5 3 -1
4 LN -1 -1 -1 -1 4 0
5 IN 6 7 2 2.5 4 -1
6 LN -1 -1 -1 -1 5 0
7 LN -1 -1 -1 -1 5 1
8 IN 9 12 5 9.0 3 -1
9 IN 10 11 6 3.5 4 -1
10 LN -1 -1 -1 -1 5 0
11 LN -1 -1 -1 -1 5 0
12 LN -1 -1 -1 -1 4 1
13 LN -1 -1 -1 -1 2 1
14 IN 15 18 2 2.5 1 -1
15 IN 16 17 8 1.5 2 -1
16 LN -1 -1 -1 -1 3 0
17 LN -1 -1 -1 -1 3 1
18 IN 19 26 3 5.5 2 -1
19 IN 20 23 2 4.5 3 -1
20 IN 21 22 5 8.0 4 -1
21 LN -1 -1 -1 -1 5 0
22 LN -1 -1 -1 -1 5 1
23 IN 24 25 8 1.5 4 -1
24 LN -1 -1 -1 -1 5 1
25 LN -1 -1 -1 -1 5 1
26 LN -1 -1 -1 -1 3 1

[TREE 21]
NB_NODES: 29
0 IN 1 14 5 2.5 0 -1
1 IN 2 13 8 2.5 1 -1
2 IN 3 8 2 4.5 2 -1
3 IN 4 5 0 5.5 3 -1
4 LN -1 -1 -1 -1 4 0
5 IN 6 7 4 3.5 4 -1
6 LN -1 -1 -1 -1 5 0
7 LN -1 -1 -1 -1 5 1
8 IN 9 12 7 6.5 3 -1
9 IN 10 11 0 6.0 4 -1
10 LN -1 -1 -1 -1 5 0
11 LN -1 -1 -1 -1 5 1
12 LN -1 -1 -1 -1 4 1
13 LN -1 -1 -1 -1 2 1
14 IN 15 22 5 5.5 1 -1
15 IN 16 21 1 4.5 2 -1
16 IN 17 20 7 8.5 3 -1
17 IN 18 19 0 5.5 4 -1
18 LN -1 -1 -1 -1 5 0
19 LN -1 -1 -1 -1 5 1
20 LN -1 -1 -1 -1 4 1
21 LN -1 -1 -1 -1 3 1
22 IN 23 28 6 4.5 2 -1
23 IN 24 27 0 6.5 3 -1
24 IN 25 26 0 5.5 4 -1
25 LN -1 -1 -1 -1 5 1
26 LN -1 -1 -1 -1 5 0
27 LN -1 -1 -1 -1 4 1
28 LN -1 -1 -1 -1 3 1

[TREE 22]
NB_NODES: 43
0 IN 1 24 1 3.5 0 -1
1 IN 2 15 7 3.5 1 -1
2 IN 3 10 6 6.5 2 -1
3 IN 4 7 8 1.5 3 -1
4 IN 5 6 5 4.5 4 -1
5 LN -1 -1 -1 -1 5 0
6 LN -1 -1 -1 -1 5 0
7 IN 8 9 2 1.5 4 -1
8 LN -1 -1 -1 -1 5 0
9 LN -1 -1 -1 -1 5 1
10 IN 11 12 2 1.5 3 -1
11 LN -1 -1 -1 -1 4 0
12 IN 13 14 2 4.0 4 -1
13 LN -1 -1 -1 -1 5 1
14 LN -1 -1 -1 -1 5 1
15 IN 16 19 0 4.0 2 -1
16 IN 17 18 0 2.5 3 -1
17 LN -1 -1 -1 -1 4 1
18 LN -1 -1 -1 -1 4 0
19 IN 20 23 6 3.5 3 -1
20 IN 21 22 3 4.5 4 -1
21 LN -1 -1 -1 -1 5 1
22 LN -1 -1 -1 -1 5 0
23 LN -1 -1 -1 -1 4 1
24 IN 25 32 3 1.5 1 -1
25 IN 26 31 6 3.5 2 -1
26 IN 27 30 5 8.5 3 -1
27 IN 28 29 7 3.5 4 -1
28 LN -1 -1 -1 -1 5 1
29 LN -1 -1 -1 -1 5 0
30 LN -1 -1 -1 -1 4 1
31 LN -1 -1 -1 -1 3 1
32 IN 33 38 1 4.5 2 -1
33 IN 34 37 4 6.5 3 -1
34 IN 35 36 8 1.5 4 -1
35 LN -1 -1 -1 -1 5 1
36 LN -1 -1 -1 -1 5 1
37 LN -1 -1 -1 -1 4 0
38 IN 39 42 7 2.5 3 -1
39 IN 40 41 7 1.5 4 -1
40 LN -1 -1 -1 -1 5 1
41 LN -1 -1 -1 -1 5 1
42 LN -1 -1 -1 -1 4 1

[TREE 23]
NB_NODES: 35
0 IN 1 16 4 2.5 0 -1
1 IN 2 11 5 5.5 1 -1
2 IN 3 10 0 8.5 2 -1
3 IN 4 7 1 2.5 3 -1
4 IN 5 6 5 4.5 4 -1
5 LN -1 -1 -1 -1 5 0
6 LN -1 -1 -1 -1 5 0
7 IN 8 9 7 3.5 4 -1
8 LN -1 -1 -1 -1 5 0
9 LN -1 -1 -1 -1 5 1
10 LN -1 -1 -1 -1 3 1
11 IN 12 15 1 1.5 2 -1
12 IN 13 14 0 5.5 3 -1
13 LN -1 -1 -1 -1 4 0
14 LN -1 -1 -1 -1 4 1
15 LN -1 -1 -1 -1 3 1
16 IN 17 26 1 3.5 1 -1
17 IN 18 19 6 2.5 2 -1
18 LN -1 -1 -1 -1 3 0
19 IN 20 23 7 4.5 3 -1
20 IN 21 22 5 2.5 4 -1
21 LN -1 -1 -1 -1 5 0
22 LN -1 -1 -1 -1 5 1
23 IN 24 25 0 3.5 4 -1
24 LN -1 -1 -1 -1 5 0
25 LN -1 -1 -1 -1 5 1
26 IN 27 34 5 8.5 2 -1
27 IN 28 31 0 4.5 3 -1
28 IN 29 30 1 4.5 4 -1
29 LN -1 -1 -1 -1 5 0
30 LN -1 -1 -1 -1 5 1
31 IN 32 33 1 4.5 4 -1
32 LN -1 -1 -1 -1 5 1
33 LN -1 -1 -1 -1 5 1
34 LN -1 -1 -1 -1 3 1

[TREE 24]
NB_NODES: 25
0 IN 1 14 1 3.5 0 -1
1 IN 2 13 5 5.5 1 -1
2 IN 3 10 3 3.5 2 -1
3 IN 4 7 1 2.5 3 -1
4 IN 5 6 7 3.5 4 -1
5 LN -1 -1 -1 -1 5 0
6 LN -1 -1 -1 -1 5 0
7 IN 8 9 5 3.0 4 -1
8 LN -1 -1 -1 -1 5 0
9 LN -1 -1 -1 -1 5 1
10 IN 11 12 2 2.5 3 -1
11 LN -1 -1 -1 -1 4 0
12 LN -1 -1 -1 -1 4 1
13 LN -1 -1 -1 -1 2 1
14 IN 15 24 7 3.5 1 -1
15 IN 16 23 5 8.5 2 -1
16 IN 17 20 2 4.5 3 -1
17 IN 18 19 4 8.0 4 -1
18 LN -1 -1 -1 -1 5 0
19 LN -1 -1 -1 -1 5 1
20 IN 21 22 1 8.5 4 -1
21 LN -1 -1 -1 -1 5 1
22 LN -1 -1 -1 -1 5 1
23 LN -1 -1 -1 -1 3 1
24 LN -1 -1 -1 -1 2 1

[TREE 25]
NB_NODES: 33
0 IN 1 14 2 3.5 0 -1
1 IN 2 13 1 3.5 1 -1
2 IN 3 8 6 3.5 2 -1
3 IN 4 7 7 5.5 3 -1
4 IN 5 6 0 9.0 4 -1
5 LN -1 -1 -1 -1 5 0
6 LN -1 -1 -1 -1 5 1
7 LN -1 -1 -1 -1 4 1
8 IN 9 10 5 2.5 3 -1
9 LN -1 -1 -1 -1 4 0
10 IN 11 12 4 2.5 4 -1
11 LN -1 -1 -1 -1 5 1
12 LN -1 -1 -1 -1 5 1
13 LN -1 -1 -1 -1 2 1
14 IN 15 26 5 7.5 1 -1
15 IN 16 21 0 4.5 2 -1
16 IN 17 18 4 2.5 3 -1
17 LN -1 -1 -1 -1 4 0
18 IN 19 20 1 5.0 4 -1
19 LN -1 -1 -1 -1 5 0
20 LN -1 -1 -1 -1 5 1
21 IN 22 25 1 4.5 3 -1
22 IN 23 24 2 4.5 4 -1
23 LN -1 -1 -1 -1 5 0
24 LN -1 -1 -1 -1 5 1
25 LN -1 -1 -1 -1 4 1
26 IN 27 32 7 2.5 2 -1
27 IN 28 31 5 9.0 3 -1
28 IN 29 30 3 3.5 4 -1
29 LN -1 -1 -1 -1 5 1
30 LN -1 -1 -1 -1 5 0
31 LN -1 -1 -1 -1 4 1
32 LN -1 -1 -1 -1 3 1

[TREE 26]
NB_NODES: 33
0 IN 1 6 1 2.5 0 -1
1 IN 2 3 4 2.5 1 -1
2 LN -1 -1 -1 -1 2 0
3 IN 4 5 2 2.5 2 -1
4 LN -1 -1 -1 -1 3 0
5 LN -1 -1 -1 -1 3 1
6 IN 7 18 1 3.5 1 -1
7 IN 8 13 2 3.5 2 -1
8 IN 9 12 3 7.0 3 -1
9 IN 10 11 4 5.5 4 -1
10 LN -1 -1 -1 -1 5 0
11 LN -1 -1 -1 -1 5 1
12 LN -1 -1 -1 -1 4 1
13 IN 14 15 5 1.5 3 -1
14 LN -1 -1 -1 -1 4 0
15 IN 16 17 7 5.5 4 -1
16 LN -1 -1 -1 -1 5 1
17 LN -1 -1 -1 -1 5 1
18 IN 19 26 0 4.5 2 -1
19 IN 20 23 4 6.5 3 -1
20 IN 21 22 2 2.5 4 -1
21 LN -1 -1 -1 -1 5 0
22 LN -1 -1 -1 -1 5 1
23 IN 24 25 7 6.5 4 -1
24 LN -1 -1 -1 -1 5 0
25 LN -1 -1 -1 -1 5 1
26 IN 27 30 5 1.5 3 -1
27 IN 28 29 3 3.5 4 -1
28 LN -1 -1 -1 -1 5 1
29 LN -1 -1 -1 -1 5 1
30 IN 31 32 6 4.5 4 -1
31 LN -1 -1 -1 -1 5 1
32 LN -1 -1 -1 -1 5 1

[TREE 27]
NB_NODES: 29
0 IN 1 12 4 2.5 0 -1
1 IN 2 7 5 3.5 1 -1
2 IN 3 4 6 3.5 2 -1
3 LN -1 -1 -1 -1 3 0
4 IN 5 6 2 2.5 3 -1
5 LN -1 -1 -1 -1 4 0
6 LN -1 -1 -1 -1 4 1
7 IN 8 11 2 2.0 2 -1
8 IN 9 10 4 1.5 3 -1
9 LN -1 -1 -1 -1 4 1
10 LN -1 -1 -1 -1 4 0
11 LN -1 -1 -1 -1 3 1
12 IN 13 16 1 1.5 1 -1
13 IN 14 15 0 5.5 2 -1
14 LN -1 -1 -1 -1 3 0
15 LN -1 -1 -1 -1 3 1
16 IN 17 22 5 1.5 2 -1
17 IN 18 19 2 3.0 3 -1
18 LN -1 -1 -1 -1 4 0
19 IN 20 21 7 3.5 4 -1
20 LN -1 -1 -1 -1 5 1
21 LN -1 -1 -1 -1 5 1
22 IN 23 26 6 4.5 3 -1
23 IN 24 25 2 5.5 4 -1
24 LN -1 -1 -1 -1 5 1
25 LN -1 -1 -1 -1 5 1
26 IN 27 28 4 4.5 4 -1
27 LN -1 -1 -1 -1 5 1
28 LN -1 -1 -1 -1 5 1

[TREE 28]
NB_NODES: 31
0 IN 1 10 5 2.5 0 -1
1 IN 2 5 7 3.5 1 -1
2 IN 3 4 1 3.5 2 -1
3 LN -1 -1 -1 -1 3 0
4 LN -1 -1 -1 -1 3 1
5 IN 6 9 6 4.0 2 -1
6 IN 7 8 0 5.5 3 -1
7 LN -1 -1 -1 -1 4 0
8 LN -1 -1 -1 -1 4 1
9 LN -1 -1 -1 -1 3 1
10 IN 11 22 7 2.5 1 -1
11 IN 12 17 6 3.5 2 -1
12 IN 13 16 8 1.5 3 -1
13 IN 14 15 0 4.0 4 -1
14 LN -1 -1 -1 -1 5 0
15 LN -1 -1 -1 -1 5 0
16 LN -1 -1 -1 -1 4 1
17 IN 18 19 1 8.5 3 -1
18 LN -1 -1 -1 -1 4 1
19 IN 20 21 7 1.5 4 -1
20 LN -1 -1 -1 -1 5 1
21 LN -1 -1 -1 -1 5 0
22 IN 23 30 5 7.5 2 -1
23 IN 24 27 5 6.5 3 -1
24 IN 25 26 1 4.5 4 -1
25 LN -1 -1 -1 -1 5 1
26 LN -1 -1 -1 -1 5 1
27 IN 28 29 8 1.5 4 -1
28 LN -1 -1 -1 -1 5 1
29 LN -1 -1 -1 -1 5 0
30 LN -1 -1 -1 -1 3 1

[TREE 29]
NB_NODES: 29
0 IN 1 12 4 2.5 0 -1
1 IN 2 7 0 6.5 1 -1
2 IN 3 4 6 3.5 2 -1
3 LN -1 -1 -1 -1 3 0
4 IN 5 6 3 2.5 3 -1
5 LN -1 -1 -1 -1 4 0
6 LN -1 -1 -1 -1 4 1
7 IN 8 11 5 4.0 2 -1
8 IN 9 10 0 8.5 3 -1
9 LN -1 -1 -1 -1 4 0
10 LN -1 -1 -1 -1 4 1
11 LN -1 -1 -1 -1 3 1
12 IN 13 18 5 1.5 1 -1
13 IN 14 15 1 3.5 2 -1
14 LN -1 -1 -1 -1 3 0
15 IN 16 17 4 3.5 3 -1
16 LN -1 -1 -1 -1 4 0
17 LN -1 -1 -1 -1 4 1
18 IN 19 22 6 2.5 2 -1
19 IN 20 21 1 3.0 3 -1
20 LN -1 -1 -1 -1 4 0
21 LN -1 -1 -1 -1 4 1
22 IN 23 26 2 4.5 3 -1
23 IN 24 25 8 2.5 4 -1
24 LN -1 -1 -1 -1 5 1
25 LN -1 -1 -1 -1 5 1
26 IN 27 28 0 5.5 4 -1
27 LN -1 -1 -1 -1 5 1
28 LN -1 -1 -1 -1 5 1

[TREE 30]
NB_NODES: 39
0 IN 1 20 1 3.5 0 -1
1 IN 2 13 0 6.5 1 -1
2 IN 3 6 2 2.5 2 -1
3 IN 4 5 6 7.5 3 -1
4 LN -1 -1 -1 -1 4 0
5 LN -1 -1 -1 -1 4 1
6 IN 7 10 4 2.5 3 -1
7 IN 8 9 7 4.0 4 -1
8 LN -1 -1 -1 -1 5 0
9 LN -1 -1 -1 -1 5 1
10 IN 11 12 1 2.5 4 -1
11 LN -1 -1 -1 -1 5 1
12 LN -1 -1 -1 -1 5 0
13 IN 14 19 7 2.5 2 -1
14 IN 15 18 4 4.0 3 -1
15 IN 16 17 1 2.5 4 -1
16 LN -1 -1 -1 -1 5 1
17 LN -1 -1 -1 -1 5 0
18 LN -1 -1 -1 -1 4 0
19 LN -1 -1 -1 -1 3 1
20 IN 21 28 0 4.5 1 -1
21 IN 22 23 6 2.5 2 -1
22 LN -1 -1 -1 -1 3 0
23 IN 24 27 5 5.5 3 -1
24 IN 25 26 1 5.0 4 -1
25 LN -1 -1 -1 -1 5 0
26 LN -1 -1 -1 -1 5 1
27 LN -1 -1 -1 -1 4 1
28 IN 29 34 6 3.5 2 -1
29 IN 30 33 3 5.5 3 -1
30 IN 31 32 3 4.0 4 -1
31 LN -1 -1 -1 -1 5 1
32 LN -1 -1 -1 -1 5 0
33 LN -1 -1 -1 -1 4 1
34 IN 35 38 3 5.5 3 -1
35 IN 36 37 4 4.5 4 -1
36 LN -1 -1 -1 -1 5 1
37 LN -1 -1 -1 -1 5 1
38 LN -1 -1 -1 -1 4 1

[TREE 31]
NB_NODES: 31
0 IN 1 16 4 2.5 0 -1
1 IN 2 11 0 6.5 1 -1
2 IN 3 8 5 3.5 2 -1
3 IN 4 5 7 3.5 3 -1
4 LN -1 -1 -1 -1 4 0
5 IN 6 7 7 5.0 4 -1
6 LN -1 -1 -1 -1 5 1
7 LN -1 -1 -1 -1 5 0
8 IN 9 10 3 2.0 3 -1
9 LN -1 -1 -1 -1 4 0
10 LN -1 -1 -1 -1 4 1
11 IN 12 15 2 2.5 2 -1
12 IN 13 14 3 2.0 3 -1
13 LN -1 -1 -1 -1 4 1
14 LN -1 -1 -1 -1 4 0
15 LN -1 -1 -1 -1 3 1
16 IN 17 18 2 1.5 1 -1
17 LN -1 -1 -1 -1 2 0
18 IN 19 26 8 1.5 2 -1
19 IN 20 23 3 3.5 3 -1
20 IN 21 22 0 6.5 4 -1
21 LN -1 -1 -1 -1 5 0
22 LN -1 -1 -1 -1 5 1
23 IN 24 25 6 3.5 4 -1
24 LN -1 -1 -1 -1 5 1
25 LN -1 -1 -1 -1 5 1
26 IN 27 30 6 3.5 3 -1
27 IN 28 29 3 4.5 4 -1
28 LN -1 -1 -1 -1 5 1
29 LN -1 -1 -1 -1 5 1
30 LN -1 -1 -1 -1 4 1

[TREE 32]
NB_NODES: 31
0 IN 1 20 1 3.5 0 -1
1 IN 2 11 6 3.5 1 -1
2 IN 3 8 0 6.5 2 -1
3 IN 4 5 2 2.5 3 -1
4 LN -1 -1 -1 -1 4 0
5 IN 6 7 5 2.5 4 -1
6 LN -1 -1 -1 -1 5 0
7 LN -1 -1 -1 -1 5 1
8 IN 9 10 6 2.5 3 -1
9 LN -1 -1 -1 -1 4 0
10 LN -1 -1 -1 -1 4 1
11 IN 12 15 4 2.5 2 -1
12 IN 13 14 0 7.0 3 -1
13 LN -1 -1 -1 -1 4 0
14 LN -1 -1 -1 -1 4 1
15 IN 16 17 0 5.5 3 -1
16 LN -1 -1 -1 -1 4 1
17 IN 18 19 5 2.5 4 -1
18 LN -1 -1 -1 -1 5 0
19 LN -1 -1 -1 -1 5 1
20 IN 21 30 7 6.5 1 -1
21 IN 22 25 5 1.5 2 -1
22 IN 23 24 3 3.5 3 -1
23 LN -1 -1 -1 -1 4 0
24 LN -1 -1 -1 -1 4 1
25 IN 26 29 1 4.5 3 -1
26 IN 27 28 0 6.5 4 -1
27 LN -1 -1 -1 -1 5 1
28 LN -1 -1 -1 -1 5 1
29 LN -1 -1 -1 -1 4 1
30 LN -1 -1 -1 -1 2 1

[TREE 33]
NB_NODES: 31
0 IN 1 18 5 2.5 0 -1
1 IN 2 9 0 6.5 1 -1
2 IN 3 8 1 5.5 2 -1
3 IN 4 5 1 2.5 3 -1
4 LN -1 -1 -1 -1 4 0
5 IN 6 7 5 1.5 4 -1
6 LN -1 -1 -1 -1 5 0
7 LN -1 -1 -1 -1 5 1
8 LN -1 -1 -1 -1 3 1
9 IN 10 13 6 3.0 2 -1
10 IN 11 12 1 6.0 3 -1
11 LN -1 -1 -1 -1 4 0
12 LN -1 -1 -1 -1 4 1
13 IN 14 17 7 3.5 3 -1
14 IN 15 16 0 7.5 4 -1
15 LN -1 -1 -1 -1 5 1
16 LN -1 -1 -1 -1 5 1
17 LN -1 -1 -1 -1 4 1
18 IN 19 20 6 1.5 1 -1
19 LN -1 -1 -1 -1 2 0
20 IN 21 24 6 2.5 2 -1
21 IN 22 23 0 7.0 3 -1
22 LN -1 -1 -1 -1 4 0
23 LN -1 -1 -1 -1 4 1
24 IN 25 28 6 3.5 3 -1
25 IN 26 27 2 2.5 4 -1
26 LN -1 -1 -1 -1 5 0
27 LN -1 -1 -1 -1 5 1
28 IN 29 30 1 4.5 4 -1
29 LN -1 -1 -1 -1 5 1
30 LN -1 -1 -1 -1 5 1

[TREE 34]
NB_NODES: 31
0 IN 1 16 2 3.5 0 -1
1 IN 2 13 1 3.5 1 -1
2 IN 3 8 5 5.5 2 -1
3 IN 4 5 7 3.5 3 -1
4 LN -1 -1 -1 -1 4 0
5 IN 6 7 2 2.5 4 -1
6 LN -1 -1 -1 -1 5 0
7 LN -1 -1 -1 -1 5 1
8 IN 9 12 2 1.5 3 -1
9 IN 10 11 7 2.5 4 -1
10 LN -1 -1 -1 -1 5 0
11 LN -1 -1 -1 -1 5 1
12 LN -1 -1 -1 -1 4 1
13 IN 14 15 6 2.5 2 -1
14 LN -1 -1 -1 -1 3 0
15 LN -1 -1 -1 -1 3 1
16 IN 17 18 6 1.5 1 -1
17 LN -1 -1 -1 -1 2 0
18 IN 19 26 6 3.5 2 -1
19 IN 20 23 0 5.5 3 -1
20 IN 21 22 3 5.5 4 -1
21 LN -1 -1 -1 -1 5 0
22 LN -1 -1 -1 -1 5 1
23 IN 24 25 2 7.5 4 -1
24 LN -1 -1 -1 -1 5 1
25 LN -1 -1 -1 -1 5 1
26 IN 27 30 2 4.5 3 -1
27 IN 28 29 5 7.5 4 -1
28 LN -1 -1 -1 -1 5 0
29 LN -1 -1 -1 -1 5 1
30 LN -1 -1 -1 -1 4 1

[TREE 35]
NB_NODES: 39
0 IN 1 20 2 3.5 0 -1
1 IN 2 11 6 3.5 1 -1
2 IN 3 6 1 2.5 2 -1
3 IN 4 5 7 4.5 3 -1
4 LN -1 -1 -1 -1 4 0
5 LN -1 -1 -1 -1 4 1
6 IN 7 8 2 2.5 3 -1
7 LN -1 -1 -1 -1 4 0
8 IN 9 10 7 4.5 4 -1
9 LN -1 -1 -1 -1 5 1
10 LN -1 -1 -1 -1 5 0
11 IN 12 13 5 1.5 2 -1
12 LN -1 -1 -1 -1 3 0
13 IN 14 17 2 1.5 3 -1
14 IN 15 16 6 6.0 4 -1
15 LN -1 -1 -1 -1 5 0
16 LN -1 -1 -1 -1 5 0
17 IN 18 19 5 2.5 4 -1
18 LN -1 -1 -1 -1 5 1
19 LN -1 -1 -1 -1 5 1
20 IN 21 26 1 3.5 1 -1
21 IN 22 25 0 5.5 2 -1
22 IN 23 24 2 4.5 3 -1
23 LN -1 -1 -1 -1 4 0
24 LN -1 -1 -1 -1 4 1
25 LN -1 -1 -1 -1 3 1
26 IN 27 34 0 6.5 2 -1
27 IN 28 31 6 3.5 3 -1
28 IN 29 30 5 9.0 4 -1
29 LN -1 -1 -1 -1 5 0
30 LN -1 -1 -1 -1 5 1
31 IN 32 33 3 5.5 4 -1
32 LN -1 -1 -1 -1 5 1
33 LN -1 -1 -1 -1 5 1
34 IN 35 36 8 1.5 3 -1
35 LN -1 -1 -1 -1 4 1
36 IN 37 38 1 4.5 4 -1
37 LN -1 -1 -1 -1 5 1
38 LN -1 -1 -1 -1 5 1

[TREE 36]
NB_NODES: 37
0 IN 1 16 1 2.5 0 -1
1 IN 2 11 0 6.5 1 -1
2 IN 3 8 6 4.5 2 -1
3 IN 4 5 3 2.5 3 -1
4 LN -1 -1 -1 -1 4 0
5 IN 6 7 5 4.5 4 -1
6 LN -1 -1 -1 -1 5 0
7 LN -1 -1 -1 -1 5 1
8 IN 9 10 2 2.0 3 -1
9 LN -1 -1 -1 -1 4 0
10 LN -1 -1 -1 -1 4 1
11 IN 12 15 6 2.5 2 -1
12 IN 13 14 0 9.0 3 -1
13 LN -1 -1 -1 -1 4 0
14 LN -1 -1 -1 -1 4 1
15 LN -1 -1 -1 -1 3 1
16 IN 17 24 5 1.5 1 -1
17 IN 18 19 4 4.0 2 -1
18 LN -1 -1 -1 -1 3 0
19 IN 20 23 3 2.0 3 -1
20 IN 21 22 1 5.5 4 -1
21 LN -1 -1 -1 -1 5 0
22 LN -1 -1 -1 -1 5 1
23 LN -1 -1 -1 -1 4 1
24 IN 25 30 0 3.5 2 -1
25 IN 26 27 2 2.5 3 -1
26 LN -1 -1 -1 -1 4 0
27 IN 28 29 5 5.0 4 -1
28 LN -1 -1 -1 -1 5 0
29 LN -1 -1 -1 -1 5 1
30 IN 31 34 0 4.5 3 -1
31 IN 32 33 7 2.5 4 -1
32 LN -1 -1 -1 -1 5 0
33 LN -1 -1 -1 -1 5 1
34 IN 35 36 5 4.5 4 -1
35 LN -1 -1 -1 -1 5 1
36 LN -1 -1 -1 -1 5 1

[TREE 37]
NB_NODES: 33
0 IN 1 16 2 3.5 0 -1
1 IN 2 9 5 4.5 1 -1
2 IN 3 8 1 3.5 2 -1
3 IN 4 5 5 3.5 3 -1
4 LN -1 -1 -1 -1 4 0
5 IN 6 7 0 4.0 4 -1
6 LN -1 -1 -1 -1 5 0
7 LN -1 -1 -1 -1 5 1
8 LN -1 -1 -1 -1 3 1
9 IN 10 11 6 1.5 2 -1
10 LN -1 -1 -1 -1 3 0
11 IN 12 15 0 1.5 3 -1
12 IN 13 14 2 2.0 4 -1
13 LN -1 -1 -1 -1 5 0
14 LN -1 -1 -1 -1 5 1
15 LN -1 -1 -1 -1 4 1
16 IN 17 24 6 3.5 1 -1
17 IN 18 23 0 6.5 2 -1
18 IN 19 20 3 1.5 3 -1
19 LN -1 -1 -1 -1 4 0
20 IN 21 22 4 2.5 4 -1
21 LN -1 -1 -1 -1 5 0
22 LN -1 -1 -1 -1 5 1
23 LN -1 -1 -1 -1 3 1
24 IN 25 32 5 7.5 2 -1
25 IN 26 29 2 4.5 3 -1
26 IN 27 28 1 5.5 4 -1
27 LN -1 -1 -1 -1 5 0
28 LN -1 -1 -1 -1 5 1
29 IN 30 31 5 1.5 4 -1
30 LN -1 -1 -1 -1 5 1
31 LN -1 -1 -1 -1 5 1
32 LN -1 -1 -1 -1 3 1

[TREE 38]
NB_NODES: 33
0 IN 1 10 5 2.5 0 -1
1 IN 2 5 1 3.5 1 -1
2 IN 3 4 7 8.5 2 -1
3 LN -1 -1 -1 -1 3 0
4 LN -1 -1 -1 -1 3 1
5 IN 6 9 3 2.0 2 -1
6 IN 7 8 1 5.5 3 -1
7 LN -1 -1 -1 -1 4 0
8 LN -1 -1 -1 -1 4 1
9 LN -1 -1 -1 -1 3 1
10 IN 11 20 0 3.5 1 -1
11 IN 12 17 6 3.5 2 -1
12 IN 13 14 7 3.0 3 -1
13 LN -1 -1 -1 -1 4 0
14 IN 15 16 4 2.5 4 -1
15 LN -1 -1 -1 -1 5 1
16 LN -1 -1 -1 -1 5 0
17 IN 18 19 3 1.5 3 -1
18 LN -1 -1 -1 -1 4 0
19 LN -1 -1 -1 -1 4 1
20 IN 21 28 2 4.5 2 -1
21 IN 22 25 0 6.5 3 -1
22 IN 23 24 3 9.5 4 -1
23 LN -1 -1 -1 -1 5 1
24 LN -1 -1 -1 -1 5 0
25 IN 26 27 7 7.5 4 -1
26 LN -1 -1 -1 -1 5 1
27 LN -1 -1 -1 -1 5 1
28 IN 29 32 6 3.5 3 -1
29 IN 30 31 5 4.5 4 -1
30 LN -1 -1 -1 -1 5 1
31 LN -1 -1 -1 -1 5 1
32 LN -1 -1 -1 -1 4 1

[TREE 39]
NB_NODES: 33
0 IN 1 12 1 2.5 0 -1
1 IN 2 9 3 3.5 1 -1
2 IN 3 8 4 4.5 2 -1
3 IN 4 7 5 5.5 3 -1
4 IN 5 6 6 4.5 4 -1
5 LN -1 -1 -1 -1 5 0
6 LN -1 -1 -1 -1 5 0
7 LN -1 -1 -1 -1 4 1
8 LN -1 -1 -1 -1 3 1
9 IN 10 11 7 4.0 2 -1
10 LN -1 -1 -1 -1 3 0
11 LN -1 -1 -1 -1 3 1
12 IN 13 26 0 5.5 1 -1
13 IN 14 21 6 3.5 2 -1
14 IN 15 18 1 4.5 3 -1
15 IN 16 17 3 3.0 4 -1
16 LN -1 -1 -1 -1 5 0
17 LN -1 -1 -1 -1 5 0
18 IN 19 20 3 1.5 4 -1
19 LN -1 -1 -1 -1 5 0
20 LN -1 -1 -1 -1 5 1
21 IN 22 25 5 6.0 3 -1
22 IN 23 24 2 5.5 4 -1
23 LN -1 -1 -1 -1 5 0
24 LN -1 -1 -1 -1 5 1
25 LN -1 -1 -1 -1 4 1
26 IN 27 32 0 6.5 2 -1
27 IN 28 31 7 7.5 3 -1
28 IN 29 30 3 3.0 4 -1
29 LN -1 -1 -1 -1 5 0
30 LN -1 -1 -1 -1 5 1
31 LN -1 -1 -1 -1 4 1
32 LN -1 -1 -1 -1 3 1

[TREE 40]
NB_NODES: 35
0 IN 1 18 7 2.5 0 -1
1 IN 2 13 2 4.5 1 -1
2 IN 3 8 6 3.5 2 -1
3 IN 4 7 0 9.0 3 -1
4 IN 5 6 4 5.5 4 -1
5 LN -1 -1 -1 -1 5 0
6 LN -1 -1 -1 -1 5 0
7 LN -1 -1 -1 -1 4 1
8 IN 9 10 0 4.0 3 -1
9 LN -1 -1 -1 -1 4 0
10 IN 11 12 5 3.0 4 -1
11 LN -1 -1 -1 -1 5 0
12 LN -1 -1 -1 -1 5 1
13 IN 14 17 4 2.5 2 -1
14 IN 15 16 0 7.0 3 -1
15 LN -1 -1 -1 -1 4 0
16 LN -1 -1 -1 -1 4 1
17 LN -1 -1 -1 -1 3 1
18 IN 19 26 0 4.5 1 -1
19 IN 20 25 1 4.5 2 -1
20 IN 21 24 5 7.5 3 -1
21 IN 22 23 2 3.5 4 -1
22 LN -1 -1 -1 -1 5 0
23 LN -1 -1 -1 -1 5 0
24 LN -1 -1 -1 -1 4 1
25 LN -1 -1 -1 -1 3 1
26 IN 27 30 6 1.5 2 -1
27 IN 28 29 5 5.5 3 -1
28 LN -1 -1 -1 -1 4 0
29 LN -1 -1 -1 -1 4 1
30 IN 31 34 4 3.5 3 -1
31 IN 32 33 0 6.5 4 -1
32 LN -1 -1 -1 -1 5 1
33 LN -1 -1 -1 -1 5 1
34 LN -1 -1 -1 -1 4 1

[TREE 41]
NB_NODES: 37
0 IN 1 14 2 3.5 0 -1
1 IN 2 11 0 6.5 1 -1
2 IN 3 10 1 3.5 2 -1
3 IN 4 7 2 2.5 3 -1
4 IN 5 6 0 5.5 4 -1
5 LN -1 -1 -1 -1 5 0
6 LN -1 -1 -1 -1 5 0
7 IN 8 9 7 5.5 4 -1
8 LN -1 -1 -1 -1 5 0
9 LN -1 -1 -1 -1 5 1
10 LN -1 -1 -1 -1 3 1
11 IN 12 13 6 3.5 2 -1
12 LN -1 -1 -1 -1 3 0
13 LN -1 -1 -1 -1 3 1
14 IN 15 26 5 3.5 1 -1
15 IN 16 21 4 2.5 2 -1
16 IN 17 18 5 2.5 3 -1
17 LN -1 -1 -1 -1 4 0
18 IN 19 20 8 3.0 4 -1
19 LN -1 -1 -1 -1 5 0
20 LN -1 -1 -1 -1 5 1
21 IN 22 25 3 3.5 3 -1
22 IN 23 24 6 4.5 4 -1
23 LN -1 -1 -1 -1 5 0
24 LN -1 -1 -1 -1 5 1
25 LN -1 -1 -1 -1 4 1
26 IN 27 32 2 4.5 2 -1
27 IN 28 29 4 3.5 3 -1
28 LN -1 -1 -1 -1 4 1
29 IN 30 31 7 4.0 4 -1
30 LN -1 -1 -1 -1 5 0
31 LN -1 -1 -1 -1 5 1
32 IN 33 36 5 4.5 3 -1
33 IN 34 35 1 8.5 4 -1
34 LN -1 -1 -1 -1 5 1
35 LN -1 -1 -1 -1 5 1
36 LN -1 -1 -1 -1 4 1

[TREE 42]
NB_NODES: 41
0 IN 1 16 2 3.5 0 -1
1 IN 2 15 0 7.5 1 -1
2 IN 3 10 7 3.5 2 -1
3 IN 4 7 6 3.5 3 -1
4 IN 5 6 4 5.5 4 -1
5 LN -1 -1 -1 -1 5 0
6 LN -1 -1 -1 -1 5 1
7 IN 8 9 4 2.5 4 -1
8 LN -1 -1 -1 -1 5 0
9 LN -1 -1 -1 -1 5 1
10 IN 11 14 1 4.0 3 -1
11 IN 12 13 2 2.5 4 -1
12 LN -1 -1 -1 -1 5 0
13 LN -1 -1 -1 -1 5 1
14 LN -1 -1 -1 -1 4 1
15 LN -1 -1 -1 -1 2 1
16 IN 17 30 1 4.5 1 -1
17 IN 18 25 0 5.5 2 -1
18 IN 19 22 6 3.5 3 -1
19 IN 20 21 0 2.5 4 -1
20 LN -1 -1 -1 -1 5 1
21 LN -1 -1 -1 -1 5 0
22 IN 23 24 7 5.0 4 -1
23 LN -1 -1 -1 -1 5 1
24 LN -1 -1 -1 -1 5 1
25 IN 26 29 5 1.5 3 -1
26 IN 27 28 0 7.5 4 -1
27 LN -1 -1 -1 -1 5 1
28 LN -1 -1 -1 -1 5 1
29 LN -1 -1 -1 -1 4 1
30 IN 31 36 7 2.5 2 -1
31 IN 32 35 0 6.5 3 -1
32 IN 33 34 0 5.5 4 -1
33 LN -1 -1 -1 -1 5 1
34 LN -1 -1 -1 -1 5 0
35 LN -1 -1 -1 -1 4 1
36 IN 37 40 4 3.5 3 -1
37 IN 38 39 3 2.0 4 -1
38 LN -1 -1 -1 -1 5 0
39 LN -1 -1 -1 -1 5 1
40 LN -1 -1 -1 -1 4 1

[TREE 43]
NB_NODES: 35
0 IN 1 14 1 2.5 0 -1
1 IN 2 9 6 4.5 1 -1
2 IN 3 4 5 3.5 2 -1
3 LN -1 -1 -1 -1 3 0
4 IN 5 6 6 1.5 3 -1
5 LN -1 -1 -1 -1 4 0
6 IN 7 8 7 2.0 4 -1
7 LN -1 -1 -1 -1 5 0
8 LN -1 -1 -1 -1 5 1
9 IN 10 11 4 2.5 2 -1
10 LN -1 -1 -1 -1 3 0
11 IN 12 13 1 1.5 3 -1
12 LN -1 -1 -1 -1 4 0
13 LN -1 -1 -1 -1 4 1
14 IN 15 24 1 3.5 1 -1
15 IN 16 19 2 3.5 2 -1
16 IN 17 18 3 7.0 3 -1
17 LN -1 -1 -1 -1 4 0
18 LN -1 -1 -1 -1 4 1
19 IN 20 23 2 4.5 3 -1
20 IN 21 22 6 3.5 4 -1
21 LN -1 -1 -1 -1 5 1
22 LN -1 -1 -1 -1 5 0
23 LN -1 -1 -1 -1 4 1
24 IN 25 30 6 3.5 2 -1
25 IN 26 29 7 7.5 3 -1
26 IN 27 28 5 8.5 4 -1
27 LN -1 -1 -1 -1 5 1
28 LN -1 -1 -1 -1 5 1
29 LN -1 -1 -1 -1 4 1
30 IN 31 34 5 7.5 3 -1
31 IN 32 33 3 5.5 4 -1
32 LN -1 -1 -1 -1 5 1
33 LN -1 -1 -1 -1 5 1
34 LN -1 -1 -1 -1 4 1

[TREE 44]
NB_NODES: 41
0 IN 1 28 6 3.5 0 -1
1 IN 2 15 5 3.5 1 -1
2 IN 3 10 0 6.5 2 -1
3 IN 4 7 1 3.5 3 -1
4 IN 5 6 8 2.5 4 -1
5 LN -1 -1 -1 -1 5 0
6 LN -1 -1 -1 -1 5 0
7 IN 8 9 6 2.5 4 -1
8 LN -1 -1 -1 -1 5 0
9 LN -1 -1 -1 -1 5 1
10 IN 11 14 4 2.5 3 -1
11 IN 12 13 5 2.0 4 -1
12 LN -1 -1 -1 -1 5 0
13 LN -1 -1 -1 -1 5 1
14 LN -1 -1 -1 -1 4 1
15 IN 16 23 7 2.0 2 -1
16 IN 17 20 0 4.5 3 -1
17 IN 18 19 0 3.5 4 -1
18 LN -1 -1 -1 -1 5 0
19 LN -1 -1 -1 -1 5 0
20 IN 21 22 6 2.0 4 -1
21 LN -1 -1 -1 -1 5 0
22 LN -1 -1 -1 -1 5 1
23 IN 24 27 0 6.5 3 -1
24 IN 25 26 7 6.5 4 -1
25 LN -1 -1 -1 -1 5 1
26 LN -1 -1 -1 -1 5 0
27 LN -1 -1 -1 -1 4 1
28 IN 29 34 4 2.5 1 -1
29 IN 30 31 0 4.5 2 -1
30 LN -1 -1 -1 -1 3 0
31 IN 32 33 2 2.0 3 -1
32 LN -1 -1 -1 -1 4 0
33 LN -1 -1 -1 -1 4 1
34 IN 35 40 2 4.5 2 -1
35 IN 36 37 5 2.5 3 -1
36 LN -1 -1 -1 -1 4 0
37 IN 38 39 3 5.5 4 -1
38 LN -1 -1 -1 -1 5 1
39 LN -1 -1 -1 -1 5 1
40 LN -1 -1 -1 -1 3 1

[TREE 45]
NB_NODES: 35
0 IN 1 10 1 2.5 0 -1
1 IN 2 7 6 4.5 1 -1
2 IN 3 4 7 4.5 2 -1
3 LN -1 -1 -1 -1 3 0
4 IN 5 6 5 4.0 3 -1
5 LN -1 -1 -1 -1 4 0
6 LN -1 -1 -1 -1 4 1
7 IN 8 9 0 4.0 2 -1
8 LN -1 -1 -1 -1 3 0
9 LN -1 -1 -1 -1 3 1
10 IN 11 24 4 3.5 1 -1
11 IN 12 17 6 2.5 2 -1
12 IN 13 16 5 7.5 3 -1
13 IN 14 15 8 4.0 4 -1
14 LN -1 -1 -1 -1 5 0
15 LN -1 -1 -1 -1 5 1
16 LN -1 -1 -1 -1 4 1
17 IN 18 21 3 1.5 3 -1
18 IN 19 20 8 1.5 4 -1
19 LN -1 -1 -1 -1 5 0
20 LN -1 -1 -1 -1 5 1
21 IN 22 23 2 3.5 4 -1
22 LN -1 -1 -1 -1 5 1
23 LN -1 -1 -1 -1 5 1
24 IN 25 30 7 3.5 2 -1
25 IN 26 29 0 6.5 3 -1
26 IN 27 28 8 1.5 4 -1
27 LN -1 -1 -1 -1 5 1
28 LN -1 -1 -1 -1 5 1
29 LN -1 -1 -1 -1 4 1
30 IN 31 34 5 1.5 3 -1
31 IN 32 33 3 2.0 4 -1
32 LN -1 -1 -1 -1 5 0
33 LN -1 -1 -1 -1 5 1
34 LN -1 -1 -1 -1 4 1

[TREE 46]
NB_NODES: 37
0 IN 1 16 7 2.5 0 -1
1 IN 2 9 5 5.5 1 -1
2 IN 3 8 2 7.0 2 -1
3 IN 4 5 5 2.5 3 -1
4 LN -1 -1 -1 -1 4 0
5 IN 6 7 3 3.5 4 -1
6 LN -1 -1 -1 -1 5 0
7 LN -1 -1 -1 -1 5 0
8 LN -1 -1 -1 -1 3 1
9 IN 10 15 2 4.5 2 -1
10 IN 11 12 2 3.5 3 -1
11 LN -1 -1 -1 -1 4 1
12 IN 13 14 1 3.5 4 -1
13 LN -1 -1 -1 -1 5 1
14 LN -1 -1 -1 -1 5 0
15 LN -1 -1 -1 -1 3 1
16 IN 17 24 0 4.5 1 -1
17 IN 18 19 3 3.5 2 -1
18 LN -1 -1 -1 -1 3 0
19 IN 20 23 5 6.5 3 -1
20 IN 21 22 7 3.5 4 -1
21 LN -1 -1 -1 -1 5 0
22 LN -1 -1 -1 -1 5 1
23 LN -1 -1 -1 -1 4 1
24 IN 25 30 5 4.5 2 -1
25 IN 26 29 3 2.5 3 -1
26 IN 27 28 6 3.5 4 -1
27 LN -1 -1 -1 -1 5 0
28 LN -1 -1 -1 -1 5 1
29 LN -1 -1 -1 -1 4 1
30 IN 31 34 0 5.5 3 -1
31 IN 32 33 1 3.5 4 -1
32 LN -1 -1 -1 -1 5 1
33 LN -1 -1 -1 -1 5 1
34 IN 35 36 3 5.5 4 -1
35 LN -1 -1 -1 -1 5 1
36 LN -1 -1 -1 -1 5 1

[TREE 47]
NB_NODES: 37
0 IN 1 16 1 2.5 0 -1
1 IN 2 13 3 4.5 1 -1
2 IN 3 10 7 3.5 2 -1
3 IN 4 7 0 7.5 3 -1
4 IN 5 6 5 4.5 4 -1
5 LN -1 -1 -1 -1 5 0
6 LN -1 -1 -1 -1 5 0
7 IN 8 9 2 1.5 4 -1
8 LN -1 -1 -1 -1 5 0
9 LN -1 -1 -1 -1 5 1
10 IN 11 12 0 5.0 3 -1
11 LN -1 -1 -1 -1 4 0
12 LN -1 -1 -1 -1 4 1
13 IN 14 15 6 4.0 2 -1
14 LN -1 -1 -1 -1 3 0
15 LN -1 -1 -1 -1 3 1
16 IN 17 28 1 4.5 1 -1
17 IN 18 21 2 2.5 2 -1
18 IN 19 20 8 3.0 3 -1
19 LN -1 -1 -1 -1 4 0
20 LN -1 -1 -1 -1 4 1
21 IN 22 25 3 3.5 3 -1
22 IN 23 24 5 2.5 4 -1
23 LN -1 -1 -1 -1 5 0
24 LN -1 -1 -1 -1 5 1
25 IN 26 27 3 5.5 4 -1
26 LN -1 -1 -1 -1 5 1
27 LN -1 -1 -1 -1 5 1
28 IN 29 32 3 1.5 2 -1
29 IN 30 31 5 4.5 3 -1
30 LN -1 -1 -1 -1 4 1
31 LN -1 -1 -1 -1 4 0
32 IN 33 34 1 8.5 3 -1
33 LN -1 -1 -1 -1 4 1
34 IN 35 36 3 5.5 4 -1
35 LN -1 -1 -1 -1 5 1
36 LN -1 -1 -1 -1 5 1

[TREE 48]
NB_NODES: 35
0 IN 1 14 4 2.5 0 -1
1 IN 2 9 0 6.5 1 -1
2 IN 3 4 5 3.5 2 -1
3 LN -1 -1 -1 -1 3 0
4 IN 5 6 5 4.5 3 -1
5 LN -1 -1 -1 -1 4 1
6 IN 7 8 6 2.5 4 -1
7 LN -1 -1 -1 -1 5 0
8 LN -1 -1 -1 -1 5 0
9 IN 10 13 0 7.5 2 -1
10 IN 11 12 2 3.5 3 -1
11 LN -1 -1 -1 -1 4 0
12 LN -1 -1 -1 -1 4 1
13 LN -1 -1 -1 -1 3 1
14 IN 15 22 5 2.5 1 -1
15 IN 16 21 1 3.5 2 -1
16 IN 17 18 6 4.0 3 -1
17 LN -1 -1 -1 -1 4 0
18 IN 19 20 3 2.0 4 -1
19 LN -1 -1 -1 -1 5 1
20 LN -1 -1 -1 -1 5 0
21 LN -1 -1 -1 -1 3 1
22 IN 23 30 6 4.5 2 -1
23 IN 24 27 1 4.5 3 -1
24 IN 25 26 5 6.0 4 -1
25 LN -1 -1 -1 -1 5 0
26 LN -1 -1 -1 -1 5 1
27 IN 28 29 3 1.5 4 -1
28 LN -1 -1 -1 -1 5 1
29 LN -1 -1 -1 -1 5 1
30 IN 31 34 1 4.5 3 -1
31 IN 32 33 0 4.5 4 -1
32 LN -1 -1 -1 -1 5 1
33 LN -1 -1 -1 -1 5 1
34 LN -1 -1 -1 -1 4 1

[TREE 49]
NB_NODES: 37
0 IN 1 14 1 2.5 0 -1
1 IN 2 11 7 3.5 1 -1
2 IN 3 8 0 6.5 2 -1
3 IN 4 5 4 5.5 3 -1
4 LN -1 -1 -1 -1 4 0
5 IN 6 7 4 8.0 4 -1
6 LN -1 -1 -1 -1 5 1
7 LN -1 -1 -1 -1 5 0
8 IN 9 10 3 2.0 3 -1
9 LN -1 -1 -1 -1 4 1
10 LN -1 -1 -1 -1 4 0
11 IN 12 13 4 7.0 2 -1
12 LN -1 -1 -1 -1 3 1
13 LN -1 -1 -1 -1 3 0
14 IN 15 26 2 4.5 1 -1
15 IN 16 21 0 4.5 2 -1
16 IN 17 20 5 7.5 3 -1
17 IN 18 19 3 8.0 4 -1
18 LN -1 -1 -1 -1 5 0
19 LN -1 -1 -1 -1 5 1
20 LN -1 -1 -1 -1 4 1
21 IN 22 25 3 5.5 3 -1
22 IN 23 24 3 4.5 4 -1
23 LN -1 -1 -1 -1 5 1
24 LN -1 -1 -1 -1 5 0
25 LN -1 -1 -1 -1 4 1
26 IN 27 32 6 3.5 2 -1
27 IN 28 31 5 4.5 3 -1
28 IN 29 30 7 3.5 4 -1
29 LN -1 -1 -1 -1 5 1
30 LN -1 -1 -1 -1 5 0
31 LN -1 -1 -1 -1 4 1
32 IN 33 36 2 5.5 3 -1
33 IN 34 35 1 4.5 4 -1
34 LN -1 -1 -1 -1 5 1
35 LN -1 -1 -1 -1 5 1
36 LN -1 -1 -1 -1 4 1

[TREE 50]
NB_NODES: 37
0 IN 1 18 5 2.5 0 -1
1 IN 2 9 7 2.5 1 -1
2 IN 3 6 4 7.5 2 -1
3 IN 4 5 1 4.0 3 -1
4 LN -1 -1 -1 -1 4 0
5 LN -1 -1 -1 -1 4 1
6 IN 7 8 1 3.5 3 -1
7 LN -1 -1 -1 -1 4 0
8 LN -1 -1 -1 -1 4 1
9 IN 10 15 4 3.5 2 -1
10 IN 11 12 4 2.5 3 -1
11 LN -1 -1 -1 -1 4 0
12 IN 13 14 1 3.5 4 -1
13 LN -1 -1 -1 -1 5 0
14 LN -1 -1 -1 -1 5 1
15 IN 16 17 2 2.5 3 -1
16 LN -1 -1 -1 -1 4 0
17 LN -1 -1 -1 -1 4 1
18 IN 19 30 0 4.5 1 -1
19 IN 20 25 6 3.5 2 -1
20 IN 21 22 6 1.5 3 -1
21 LN -1 -1 -1 -1 4 0
22 IN 23 24 4 1.5 4 -1
23 LN -1 -1 -1 -1 5 1
24 LN -1 -1 -1 -1 5 0
25 IN 26 29 2 5.5 3 -1
26 IN 27 28 5 6.5 4 -1
27 LN -1 -1 -1 -1 5 0
28 LN -1 -1 -1 -1 5 1
29 LN -1 -1 -1 -1 4 1
30 IN 31 36 3 5.5 2 -1
31 IN 32 35 4 7.5 3 -1
32 IN 33 34 0 6.5 4 -1
33 LN -1 -1 -1 -1 5 1
34 LN -1 -1 -1 -1 5 1
35 LN -1 -1 -1 -1 4 1
36 LN -1 -1 -1 -1 3 1

[TREE 51]
NB_NODES: 27
0 IN 1 18 6 3.5 0 -1
1 IN 2 9 7 2.5 1 -1
2 IN 3 8 8 9.0 2 -1
3 IN 4 7 4 1.5 3 -1
4 IN 5 6 5 3.0 4 -1
5 LN -1 -1 -1 -1 5 0
6 LN -1 -1 -1 -1 5 1
7 LN -1 -1 -1 -1 4 0
8 LN -1 -1 -1 -1 3 1
9 IN 10 11 1 2.5 2 -1
10 LN -1 -1 -1 -1 3 0
11 IN 12 15 3 1.5 3 -1
12 IN 13 14 0 5.5 4 -1
13 LN -1 -1 -1 -1 5 0
14 LN -1 -1 -1 -1 5 1
15 IN 16 17 2 2.5 4 -1
16 LN -1 -1 -1 -1 5 0
17 LN -1 -1 -1 -1 5 1
18 IN 19 20 2 1.5 1 -1
19 LN -1 -1 -1 -1 2 0
20 IN 21 22 4 1.5 2 -1
21 LN -1 -1 -1 -1 3 0
22 IN 23 26 5 8.5 3 -1
23 IN 24 25 0 6.5 4 -1
24 LN -1 -1 -1 -1 5 1
25 LN -1 -1 -1 -1 5 1
26 LN -1 -1 -1 -1 4 1

[TREE 52]
NB_NODES: 43
0 IN 1 26 6 3.5 0 -1
1 IN 2 15 2 3.5 1 -1
2 IN 3 8 3 2.5 2 -1
3 IN 4 5 2 1.5 3 -1
4 LN -1 -1 -1 -1 4 0
5 IN 6 7 0 8.0 4 -1
6 LN -1 -1 -1 -1 5 0
7 LN -1 -1 -1 -1 5 1
8 IN 9 12 2 2.5 3 -1
9 IN 10 11 6 1.5 4 -1
10 LN -1 -1 -1 -1 5 0
11 LN -1 -1 -1 -1 5 0
12 IN 13 14 5 3.0 4 -1
13 LN -1 -1 -1 -1 5 0
14 LN -1 -1 -1 -1 5 1
15 IN 16 21 1 4.5 2 -1
16 IN 17 20 0 5.5 3 -1
17 IN 18 19 3 3.5 4 -1
18 LN -1 -1 -1 -1 5 0
19 LN -1 -1 -1 -1 5 0
20 LN -1 -1 -1 -1 4 1
21 IN 22 23 1 7.0 3 -1
22 LN -1 -1 -1 -1 4 1
23 IN 24 25 4 3.5 4 -1
24 LN -1 -1 -1 -1 5 0
25 LN -1 -1 -1 -1 5 1
26 IN 27 32 4 2.5 1 -1
27 IN 28 31 2 2.5 2 -1
28 IN 29 30 0 8.0 3 -1
29 LN -1 -1 -1 -1 4 0
30 LN -1 -1 -1 -1 4 1
31 LN -1 -1 -1 -1 3 1
32 IN 33 38 6 6.5 2 -1
33 IN 34 35 5 1.5 3 -1
34 LN -1 -1 -1 -1 4 0
35 IN 36 37 7 2.5 4 -1
36 LN -1 -1 -1 -1 5 1
37 LN -1 -1 -1 -1 5 1
38 IN 39 42 5 7.5 3 -1
39 IN 40 41 1 5.5 4 -1
40 LN -1 -1 -1 -1 5 1
41 LN -1 -1 -1 -1 5 1
42 LN -1 -1 -1 -1 4 1

[TREE 53]
NB_NODES: 39
0 IN 1 14 1 2.5 0 -1
1 IN 2 9 0 6.5 1 -1
2 IN 3 8 5 6.5 2 -1
3 IN 4 5 5 4.5 3 -1
4 LN -1 -1 -1 -1 4 0
5 IN 6 7 0 2.5 4 -1
6 LN -1 -1 -1 -1 5 0
7 LN -1 -1 -1 -1 5 1
8 LN -1 -1 -1 -1 3 1
9 IN 10 13 5 3.5 2 -1
10 IN 11 12 8 2.5 3 -1
11 LN -1 -1 -1 -1 4 0
12 LN -1 -1 -1 -1 4 1
13 LN -1 -1 -1 -1 3 1
14 IN 15 30 3 2.5 1 -1
15 IN 16 23 2 3.5 2 -1
16 IN 17 20 5 3.0 3 -1
17 IN 18 19 1 3.5 4 -1
18 LN -1 -1 -1 -1 5 0
19 LN -1 -1 -1 -1 5 1
20 IN 21 22 0 5.0 4 -1
21 LN -1 -1 -1 -1 5 0
22 LN -1 -1 -1 -1 5 1
23 IN 24 27 4 2.5 3 -1
24 IN 25 26 7 2.0 4 -1
25 LN -1 -1 -1 -1 5 0
26 LN -1 -1 -1 -1 5 1
27 IN 28 29 5 1.5 4 -1
28 LN -1 -1 -1 -1 5 0
29 LN -1 -1 -1 -1 5 1
30 IN 31 38 1 4.5 2 -1
31 IN 32 35 7 4.5 3 -1
32 IN 33 34 6 1.5 4 -1
33 LN -1 -1 -1 -1 5 0
34 LN -1 -1 -1 -1 5 1
35 IN 36 37 4 6.5 4 -1
36 LN -1 -1 -1 -1 5 1
37 LN -1 -1 -1 -1 5 0
38 LN -1 -1 -1 -1 3 1

[TREE 54]
NB_NODES: 27
0 IN 1 10 1 2.5 0 -1
1 IN 2 7 0 6.5 1 -1
2 IN 3 4 5 6.5 2 -1
3 LN -1 -1 -1 -1 3 0
4 IN 5 6 1 1.5 3 -1
5 LN -1 -1 -1 -1 4 0
6 LN -1 -1 -1 -1 4 1
7 IN 8 9 7 2.5 2 -1
8 LN -1 -1 -1 -1 3 0
9 LN -1 -1 -1 -1 3 1
10 IN 11 18 2 2.5 1 -1
11 IN 12 17 8 3.5 2 -1
12 IN 13 14 6 3.5 3 -1
13 LN -1 -1 -1 -1 4 0
14 IN 15 16 4 2.5 4 -1
15 LN -1 -1 -1 -1 5 0
16 LN -1 -1 -1 -1 5 1
17 LN -1 -1 -1 -1 3 1
18 IN 19 26 3 5.5 2 -1
19 IN 20 23 2 4.5 3 -1
20 IN 21 22 0 6.5 4 -1
21 LN -1 -1 -1 -1 5 0
22 LN -1 -1 -1 -1 5 1
23 IN 24 25 3 1.5 4 -1
24 LN -1 -1 -1 -1 5 1
25 LN -1 -1 -1 -1 5 1
26 LN -1 -1 -1 -1 3 1

[TREE 55]
NB_NODES: 35
0 IN 1 14 1 2.5 0 -1
1 IN 2 13 0 7.5 1 -1
2 IN 3 10 6 4.0 2 -1
3 IN 4 7 5 6.0 3 -1
4 IN 5 6 3 2.5 4 -1
5 LN -1 -1 -1 -1 5 0
6 LN -1 -1 -1 -1 5 0
7 IN 8 9 3 2.5 4 -1
8 LN -1 -1 -1 -1 5 0
9 LN -1 -1 -1 -1 5 1
10 IN 11 12 2 2.5 3 -1
11 LN -1 -1 -1 -1 4 0
12 LN -1 -1 -1 -1 4 1
13 LN -1 -1 -1 -1 2 1
14 IN 15 26 1 3.5 1 -1
15 IN 16 19 0 4.5 2 -1
16 IN 17 18 2 4.0 3 -1
17 LN -1 -1 -1 -1 4 0
18 LN -1 -1 -1 -1 4 1
19 IN 20 23 6 2.5 3 -1
20 IN 21 22 8 1.5 4 -1
21 LN -1 -1 -1 -1 5 0
22 LN -1 -1 -1 -1 5 1
23 IN 24 25 5 2.5 4 -1
24 LN -1 -1 -1 -1 5 0
25 LN -1 -1 -1 -1 5 1
26 IN 27 34 0 6.5 2 -1
27 IN 28 31 6 4.5 3 -1
28 IN 29 30 2 4.5 4 -1
29 LN -1 -1 -1 -1 5 0
30 LN -1 -1 -1 -1 5 1
31 IN 32 33 3 4.5 4 -1
32 LN -1 -1 -1 -1 5 1
33 LN -1 -1 -1 -1 5 1
34 LN -1 -1 -1 -1 3 1

[TREE 56]
NB_NODES: 41
0 IN 1 16 1 2.5 0 -1
1 IN 2 11 0 6.5 1 -1
2 IN 3 8 3 2.5 2 -1
3 IN 4 5 4 3.5 3 -1
4 LN -1 -1 -1 -1 4 0
5 IN 6 7 2 2.5 4 -1
6 LN -1 -1 -1 -1 5 0
7 LN -1 -1 -1 -1 5 1
8 IN 9 10 5 4.5 3 -1
9 LN -1 -1 -1 -1 4 0
10 LN -1 -1 -1 -1 4 1
11 IN 12 15 7 2.0 2 -1
12 IN 13 14 4 5.5 3 -1
13 LN -1 -1 -1 -1 4 0
14 LN -1 -1 -1 -1 4 1
15 LN -1 -1 -1 -1 3 1
16 IN 17 28 2 3.5 1 -1
17 IN 18 23 6 3.5 2 -1
18 IN 19 22 4 4.5 3 -1
19 IN 20 21 7 2.5 4 -1
20 LN -1 -1 -1 -1 5 0
21 LN -1 -1 -1 -1 5 0
22 LN -1 -1 -1 -1 4 1
23 IN 24 25 2 1.5 3 -1
24 LN -1 -1 -1 -1 4 0
25 IN 26 27 4 3.5 4 -1
26 LN -1 -1 -1 -1 5 1
27 LN -1 -1 -1 -1 5 1
28 IN 29 36 1 4.5 2 -1
29 IN 30 33 5 3.5 3 -1
30 IN 31 32 6 6.0 4 -1
31 LN -1 -1 -1 -1 5 0
32 LN -1 -1 -1 -1 5 1
33 IN 34 35 2 4.5 4 -1
34 LN -1 -1 -1 -1 5 1
35 LN -1 -1 -1 -1 5 1
36 IN 37 40 6 3.5 3 -1
37 IN 38 39 0 7.0 4 -1
38 LN -1 -1 -1 -1 5 1
39 LN -1 -1 -1 -1 5 1
40 LN -1 -1 -1 -1 4 1

[TREE 57]
NB_NODES: 39
0 IN 1 26 3 3.5 0 -1
1 IN 2 15 2 4.5 1 -1
2 IN 3 10 5 5.5 2 -1
3 IN 4 7 7 2.5 3 -1
4 IN 5 6 3 2.5 4 -1
5 LN -1 -1 -1 -1 5 0
6 LN -1 -1 -1 -1 5 0
7 IN 8 9 8 1.5 4 -1
8 LN -1 -1 -1 -1 5 0
9 LN -1 -1 -1 -1 5 1
10 IN 11 14 7 2.0 3 -1
11 IN 12 13 6 2.0 4 -1
12 LN -1 -1 -1 -1 5 1
13 LN -1 -1 -1 -1 5 0
14 LN -1 -1 -1 -1 4 1
15 IN 16 21 1 4.5 2 -1
16 IN 17 20 0 6.5 3 -1
17 IN 18 19 1 3.5 4 -1
18 LN -1 -1 -1 -1 5 1
19 LN -1 -1 -1 -1 5 0
20 LN -1 -1 -1 -1 4 1
21 IN 22 25 3 1.5 3 -1
22 IN 23 24 1 9.0 4 -1
23 LN -1 -1 -1 -1 5 0
24 LN -1 -1 -1 -1 5 1
25 LN -1 -1 -1 -1 4 1
26 IN 27 30 6 1.5 1 -1
27 IN 28 29 0 6.5 2 -1
28 LN -1 -1 -1 -1 3 0
29 LN -1 -1 -1 -1 3 1
30 IN 31 38 3 6.5 2 -1
31 IN 32 35 5 2.0 3 -1
32 IN 33 34 7 2.0 4 -1
33 LN -1 -1 -1 -1 5 0
34 LN -1 -1 -1 -1 5 1
35 IN 36 37 1 4.5 4 -1
36 LN -1 -1 -1 -1 5 1
37 LN -1 -1 -1 -1 5 1
38 LN -1 -1 -1 -1 3 1

[TREE 58]
NB_NODES: 29
0 IN 1 14 2 3.5 0 -1
1 IN 2 9 5 6.0 1 -1
2 IN 3 8 8 9.0 2 -1
3 IN 4 5 5 2.5 3 -1
4 LN -1 -1 -1 -1 4 0
5 IN 6 7 3 2.0 4 -1
6 LN -1 -1 -1 -1 5 0
7 LN -1 -1 -1 -1 5 0
8 LN -1 -1 -1 -1 3 1
9 IN 10 13 6 4.0 2 -1
10 IN 11 12 8 2.0 3 -1
11 LN -1 -1 -1 -1 4 1
12 LN -1 -1 -1 -1 4 0
13 LN -1 -1 -1 -1 3 1
14 IN 15 18 6 1.5 1 -1
15 IN 16 17 5 5.5 2 -1
16 LN -1 -1 -1 -1 3 0
17 LN -1 -1 -1 -1 3 1
18 IN 19 22 4 2.5 2 -1
19 IN 20 21 0 4.5 3 -1
20 LN -1 -1 -1 -1 4 0
21 LN -1 -1 -1 -1 4 1
22 IN 23 26 1 4.5 3 -1
23 IN 24 25 5 7.5 4 -1
24 LN -1 -1 -1 -1 5 1
25 LN -1 -1 -1 -1 5 1
26 IN 27 28 6 3.5 4 -1
27 LN -1 -1 -1 -1 5 1
28 LN -1 -1 -1 -1 5 1

[TREE 59]
NB_NODES: 45
0 IN 1 28 6 3.5 0 -1
1 IN 2 15 2 3.5 1 -1
2 IN 3 10 5 4.5 2 -1
3 IN 4 7 8 2.5 3 -1
4 IN 5 6 4 5.5 4 -1
5 LN -1 -1 -1 -1 5 0
6 LN -1 -1 -1 -1 5 0
7 IN 8 9 2 2.5 4 -1
8 LN -1 -1 -1 -1 5 0
9 LN -1 -1 -1 -1 5 1
10 IN 11 14 7 5.5 3 -1
11 IN 12 13 4 1.5 4 -1
12 LN -1 -1 -1 -1 5 1
13 LN -1 -1 -1 -1 5 0
14 LN -1 -1 -1 -1 4 1
15 IN 16 23 1 4.5 2 -1
16 IN 17 20 4 2.5 3 -1
17 IN 18 19 5 4.0 4 -1
18 LN -1 -1 -1 -1 5 0
19 LN -1 -1 -1 -1 5 1
20 IN 21 22 5 2.5 4 -1
21 LN -1 -1 -1 -1 5 0
22 LN -1 -1 -1 -1 5 1
23 IN 24 27 4 5.5 3 -1
24 IN 25 26 8 1.5 4 -1
25 LN -1 -1 -1 -1 5 1
26 LN -1 -1 -1 -1 5 1
27 LN -1 -1 -1 -1 4 1
28 IN 29 34 4 2.5 1 -1
29 IN 30 33 3 2.5 2 -1
30 IN 31 32 0 6.5 3 -1
31 LN -1 -1 -1 -1 4 0
32 LN -1 -1 -1 -1 4 1
33 LN -1 -1 -1 -1 3 1
34 IN 35 40 1 4.5 2 -1
35 IN 36 37 3 2.5 3 -1
36 LN -1 -1 -1 -1 4 1
37 IN 38 39 0 6.5 4 -1
38 LN -1 -1 -1 -1 5 1
39 LN -1 -1 -1 -1 5 1
40 IN 41 44 5 8.5 3 -1
41 IN 42 43 7 2.5 4 -1
42 LN -1 -1 -1 -1 5 1
43 LN -1 -1 -1 -1 5 1
44 LN -1 -1 -1 -1 4 1

[TREE 60]
NB_NODES: 33
0 IN 1 16 2 3.5 0 -1
1 IN 2 11 0 6.5 1 -1
2 IN 3 8 5 6.0 2 -1
3 IN 4 5 6 3.5 3 -1
4 LN -1 -1 -1 -1 4 0
5 IN 6 7 7 9.0 4 -1
6 LN -1 -1 -1 -1 5 0
7 LN -1 -1 -1 -1 5 1
8 IN 9 10 1 1.5 3 -1
9 LN -1 -1 -1 -1 4 0
10 LN -1 -1 -1 -1 4 1
11 IN 12 15 6 3.5 2 -1
12 IN 13 14 5 3.0 3 -1
13 LN -1 -1 -1 -1 4 0
14 LN -1 -1 -1 -1 4 1
15 LN -1 -1 -1 -1 3 1
16 IN 17 24 4 2.5 1 -1
17 IN 18 23 3 3.5 2 -1
18 IN 19 20 1 3.5 3 -1
19 LN -1 -1 -1 -1 4 0
20 IN 21 22 1 4.5 4 -1
21 LN -1 -1 -1 -1 5 1
22 LN -1 -1 -1 -1 5 1
23 LN -1 -1 -1 -1 3 1
24 IN 25 32 3 5.5 2 -1
25 IN 26 29 0 6.5 3 -1
26 IN 27 28 1 9.5 4 -1
27 LN -1 -1 -1 -1 5 1
28 LN -1 -1 -1 -1 5 1
29 IN 30 31 6 6.5 4 -1
30 LN -1 -1 -1 -1 5 1
31 LN -1 -1 -1 -1 5 1
32 LN -1 -1 -1 -1 3 1

[TREE 61]
NB_NODES: 33
0 IN 1 12 2 2.5 0 -1
1 IN 2 11 3 7.0 1 -1
2 IN 3 8 6 4.5 2 -1
3 IN 4 5 8 1.5 3 -1
4 LN -1 -1 -1 -1 4 0
5 IN 6 7 1 1.5 4 -1
6 LN -1 -1 -1 -1 5 0
7 LN -1 -1 -1 -1 5 0
8 IN 9 10 5 6.0 3 -1
9 LN -1 -1 -1 -1 4 0
10 LN -1 -1 -1 -1 4 1
11 LN -1 -1 -1 -1 2 1
12 IN 13 20 5 3.5 1 -1
13 IN 14 19 2 5.5 2 -1
14 IN 15 18 8 2.0 3 -1
15 IN 16 17 7 8.0 4 -1
16 LN -1 -1 -1 -1 5 0
17 LN -1 -1 -1 -1 5 1
18 LN -1 -1 -1 -1 4 1
19 LN -1 -1 -1 -1 3 1
20 IN 21 26 1 4.5 2 -1
21 IN 22 25 3 5.5 3 -1
22 IN 23 24 2 4.5 4 -1
23 LN -1 -1 -1 -1 5 1
24 LN -1 -1 -1 -1 5 1
25 LN -1 -1 -1 -1 4 1
26 IN 27 30 5 4.5 3 -1
27 IN 28 29 3 1.5 4 -1
28 LN -1 -1 -1 -1 5 0
29 LN -1 -1 -1 -1 5 1
30 IN 31 32 0 6.5 4 -1
31 LN -1 -1 -1 -1 5 1
32 LN -1 -1 -1 -1 5 1

[TREE 62]
NB_NODES: 43
0 IN 1 20 1 2.5 0 -1
1 IN 2 15 6 4.0 1 -1
2 IN 3 10 8 1.5 2 -1
3 IN 4 7 0 6.5 3 -1
4 IN 5 6 7 4.5 4 -1
5 LN -1 -1 -1 -1 5 0
6 LN -1 -1 -1 -1 5 1
7 IN 8 9 6 2.5 4 -1
8 LN -1 -1 -1 -1 5 0
9 LN -1 -1 -1 -1 5 1
10 IN 11 12 2 1.5 3 -1
11 LN -1 -1 -1 -1 4 0
12 IN 13 14 7 1.5 4 -1
13 LN -1 -1 -1 -1 5 1
14 LN -1 -1 -1 -1 5 0
15 IN 16 19 2 1.5 2 -1
16 IN 17 18 5 7.5 3 -1
17 LN -1 -1 -1 -1 4 0
18 LN -1 -1 -1 -1 4 1
19 LN -1 -1 -1 -1 3 1
20 IN 21 30 5 3.5 1 -1
21 IN 22 29 0 8.5 2 -1
22 IN 23 26 3 4.5 3 -1
23 IN 24 25 7 3.5 4 -1
24 LN -1 -1 -1 -1 5 0
25 LN -1 -1 -1 -1 5 1
26 IN 27 28 0 4.0 4 -1
27 LN -1 -1 -1 -1 5 1
28 LN -1 -1 -1 -1 5 1
29 LN -1 -1 -1 -1 3 1
30 IN 31 38 6 3.5 2 -1
31 IN 32 35 3 1.5 3 -1
32 IN 33 34 0 7.0 4 -1
33 LN -1 -1 -1 -1 5 0
34 LN -1 -1 -1 -1 5 1
35 IN 36 37 4 6.5 4 -1
36 LN -1 -1 -1 -1 5 1
37 LN -1 -1 -1 -1 5 1
38 IN 39 42 2 4.5 3 -1
39 IN 40 41 0 4.5 4 -1
40 LN -1 -1 -1 -1 5 0
41 LN -1 -1 -1 -1 5 1
42 LN -1 -1 -1 -1 4 1

[TREE 63]
NB_NODES: 31
0 IN 1 16 4 2.5 0 -1
1 IN 2 11 3 3.5 1 -1
2 IN 3 6 6 3.5 2 -1
3 IN 4 5 0 9.0 3 -1
4 LN -1 -1 -1 -1 4 0
5 LN -1 -1 -1 -1 4 1
6 IN 7 8 0 4.0 3 -1
7 LN -1 -1 -1 -1 4 0
8 IN 9 10 5 1.5 4 -1
9 LN -1 -1 -1 -1 5 0
10 LN -1 -1 -1 -1 5 1
11 IN 12 15 0 6.0 2 -1
12 IN 13 14 2 2.5 3 -1
13 LN -1 -1 -1 -1 4 0
14 LN -1 -1 -1 -1 4 1
15 LN -1 -1 -1 -1 3 1
16 IN 17 20 1 1.5 1 -1
17 IN 18 19 0 7.0 2 -1
18 LN -1 -1 -1 -1 3 0
19 LN -1 -1 -1 -1 3 1
20 IN 21 24 6 2.5 2 -1
21 IN 22 23 4 4.5 3 -1
22 LN -1 -1 -1 -1 4 0
23 LN -1 -1 -1 -1 4 1
24 IN 25 28 7 2.5 3 -1
25 IN 26 27 7 1.5 4 -1
26 LN -1 -1 -1 -1 5 1
27 LN -1 -1 -1 -1 5 1
28 IN 29 30 1 4.5 4 -1
29 LN -1 -1 -1 -1 5 1
30 LN -1 -1 -1 -1 5 1

[TREE 64]
NB_NODES: 37
0 IN 1 22 6 3.5 0 -1
1 IN 2 15 5 5.5 1 -1
2 IN 3 10 4 4.5 2 -1
3 IN 4 7 2 3.5 3 -1
4 IN 5 6 4 1.5 4 -1
5 LN -1 -1 -1 -1 5 0
6 LN -1 -1 -1 -1 5 0
7 IN 8 9 1 4.5 4 -1
8 LN -1 -1 -1 -1 5 0
9 LN -1 -1 -1 -1 5 1
10 IN 11 12 2 2.5 3 -1
11 LN -1 -1 -1 -1 4 0
12 IN 13 14 0 5.5 4 -1
13 LN -1 -1 -1 -1 5 1
14 LN -1 -1 -1 -1 5 1
15 IN 16 17 2 2.0 2 -1
16 LN -1 -1 -1 -1 3 0
17 IN 18 19 1 6.5 3 -1
18 LN -1 -1 -1 -1 4 1
19 IN 20 21 0 6.0 4 -1
20 LN -1 -1 -1 -1 5 0
21 LN -1 -1 -1 -1 5 1
22 IN 23 26 4 2.5 1 -1
23 IN 24 25 0 4.0 2 -1
24 LN -1 -1 -1 -1 3 0
25 LN -1 -1 -1 -1 3 1
26 IN 27 32 5 1.5 2 -1
27 IN 28 31 7 8.5 3 -1
28 IN 29 30 3 3.5 4 -1
29 LN -1 -1 -1 -1 5 0
30 LN -1 -1 -1 -1 5 1
31 LN -1 -1 -1 -1 4 1
32 IN 33 36 5 8.5 3 -1
33 IN 34 35 7 2.5 4 -1
34 LN -1 -1 -1 -1 5 1
35 LN -1 -1 -1 -1 5 1
36 LN -1 -1 -1 -1 4 1

[TREE 65]
NB_NODES: 33
0 IN 1 18 4 2.5 0 -1
1 IN 2 15 5 6.0 1 -1
2 IN 3 10 3 3.5 2 -1
3 IN 4 7 6 4.5 3 -1
4 IN 5 6 2 7.0 4 -1
5 LN -1 -1 -1 -1 5 0
6 LN -1 -1 -1 -1 5 1
7 IN 8 9 2 3.5 4 -1
8 LN -1 -1 -1 -1 5 0
9 LN -1 -1 -1 -1 5 1
10 IN 11 12 0 3.5 3 -1
11 LN -1 -1 -1 -1 4 1
12 IN 13 14 5 2.5 4 -1
13 LN -1 -1 -1 -1 5 0
14 LN -1 -1 -1 -1 5 1
15 IN 16 17 0 3.0 2 -1
16 LN -1 -1 -1 -1 3 0
17 LN -1 -1 -1 -1 3 1
18 IN 19 20 2 1.5 1 -1
19 LN -1 -1 -1 -1 2 0
20 IN 21 28 1 4.5 2 -1
21 IN 22 25 0 4.5 3 -1
22 IN 23 24 6 2.5 4 -1
23 LN -1 -1 -1 -1 5 0
24 LN -1 -1 -1 -1 5 1
25 IN 26 27 6 3.5 4 -1
26 LN -1 -1 -1 -1 5 1
27 LN -1 -1 -1 -1 5 1
28 IN 29 32 3 1.5 3 -1
29 IN 30 31 1 9.0 4 -1
30 LN -1 -1 -1 -1 5 0
31 LN -1 -1 -1 -1 5 1
32 LN -1 -1 -1 -1 4 1

[TREE 66]
NB_NODES: 35
0 IN 1 22 6 3.5 0 -1
1 IN 2 15 5 5.5 1 -1
2 IN 3 10 1 3.5 2 -1
3 IN 4 7 8 1.5 3 -1
4 IN 5 6 7 2.5 4 -1
5 LN -1 -1 -1 -1 5 0
6 LN -1 -1 -1 -1 5 0
7 IN 8 9 2 2.5 4 -1
8 LN -1 -1 -1 -1 5 0
9 LN -1 -1 -1 -1 5 1
10 IN 11 14 0 7.0 3 -1
11 IN 12 13 3 4.0 4 -1
12 LN -1 -1 -1 -1 5 0
13 LN -1 -1 -1 -1 5 1
14 LN -1 -1 -1 -1 4 1
15 IN 16 17 2 1.5 2 -1
16 LN -1 -1 -1 -1 3 0
17 IN 18 21 1 3.5 3 -1
18 IN 19 20 8 2.5 4 -1
19 LN -1 -1 -1 -1 5 1
20 LN -1 -1 -1 -1 5 0
21 LN -1 -1 -1 -1 4 1
22 IN 23 28 2 1.5 1 -1
23 IN 24 27 3 1.5 2 -1
24 IN 25 26 5 7.5 3 -1
25 LN -1 -1 -1 -1 4 0
26 LN -1 -1 -1 -1 4 1
27 LN -1 -1 -1 -1 3 0
28 IN 29 34 2 4.5 2 -1
29 IN 30 33 3 5.5 3 -1
30 IN 31 32 0 4.5 4 -1
31 LN -1 -1 -1 -1 5 0
32 LN -1 -1 -1 -1 5 1
33 LN -1 -1 -1 -1 4 1
34 LN -1 -1 -1 -1 3 1

[TREE 67]
NB_NODES: 23
0 IN 1 6 2 2.5 0 -1
1 IN 2 3 5 3.5 1 -1
2 LN -1 -1 -1 -1 2 0
3 IN 4 5 0 3.5 2 -1
4 LN -1 -1 -1 -1 3 0
5 LN -1 -1 -1 -1 3 1
6 IN 7 12 5 1.5 1 -1
7 IN 8 11 7 2.5 2 -1
8 IN 9 10 4 5.0 3 -1
9 LN -1 -1 -1 -1 4 0
10 LN -1 -1 -1 -1 4 1
11 LN -1 -1 -1 -1 3 1
12 IN 13 18 6 2.5 2 -1
13 IN 14 17 2 4.5 3 -1
14 IN 15 16 5 6.5 4 -1
15 LN -1 -1 -1 -1 5 0
16 LN -1 -1 -1 -1 5 1
17 LN -1 -1 -1 -1 4 1
18 IN 19 22 3 5.5 3 -1
19 IN 20 21 4 6.5 4 -1
20 LN -1 -1 -1 -1 5 1
21 LN -1 -1 -1 -1 5 1
22 LN -1 -1 -1 -1 4 1

[TREE 68]
NB_NODES: 39
0 IN 1 24 6 3.5 0 -1
1 IN 2 11 5 3.5 1 -1
2 IN 3 8 8 2.5 2 -1
3 IN 4 5 4 9.0 3 -1
4 LN -1 -1 -1 -1 4 0
5 IN 6 7 0 4.5 4 -1
6 LN -1 -1 -1 -1 5 0
7 LN -1 -1 -1 -1 5 1
8 IN 9 10 5 2.0 3 -1
9 LN -1 -1 -1 -1 4 0
10 LN -1 -1 -1 -1 4 1
11 IN 12 17 6 2.5 2 -1
12 IN 13 16 5 5.5 3 -1
13 IN 14 15 7 3.0 4 -1
14 LN -1 -1 -1 -1 5 0
15 LN -1 -1 -1 -1 5 1
16 LN -1 -1 -1 -1 4 1
17 IN 18 21 1 6.5 3 -1
18 IN 19 20 0 3.0 4 -1
19 LN -1 -1 -1 -1 5 0
20 LN -1 -1 -1 -1 5 1
21 IN 22 23 3 1.5 4 -1
22 LN -1 -1 -1 -1 5 0
23 LN -1 -1 -1 -1 5 1
24 IN 25 32 1 3.5 1 -1
25 IN 26 31 5 6.5 2 -1
26 IN 27 30 7 3.5 3 -1
27 IN 28 29 5 3.0 4 -1
28 LN -1 -1 -1 -1 5 0
29 LN -1 -1 -1 -1 5 0
30 LN -1 -1 -1 -1 4 1
31 LN -1 -1 -1 -1 3 1
32 IN 33 38 3 5.5 2 -1
33 IN 34 37 2 6.5 3 -1
34 IN 35 36 6 4.5 4 -1
35 LN -1 -1 -1 -1 5 1
36 LN -1 -1 -1 -1 5 1
37 LN -1 -1 -1 -1 4 1
38 LN -1 -1 -1 -1 3 1

[TREE 69]
NB_NODES: 31
0 IN 1 10 5 1.5 0 -1
1 IN 2 3 4 3.5 1 -1
2 LN -1 -1 -1 -1 2 0
3 IN 4 5 2 2.5 2 -1
4 LN -1 -1 -1 -1 3 0
5 IN 6 9 3 2.0 3 -1
6 IN 7 8 0 6.5 4 -1
7 LN -1 -1 -1 -1 5 0
8 LN -1 -1 -1 -1 5 1
9 LN -1 -1 -1 -1 4 1
10 IN 11 22 2 2.5 1 -1
11 IN 12 17 8 1.5 2 -1
12 IN 13 14 3 2.5 3 -1
13 LN -1 -1 -1 -1 4 0
14 IN 15 16 0 4.5 4 -1
15 LN -1 -1 -1 -1 5 1
16 LN -1 -1 -1 -1 5 0
17 IN 18 21 3 4.0 3 -1
18 IN 19 20 3 1.5 4 -1
19 LN -1 -1 -1 -1 5 1
20 LN -1 -1 -1 -1 5 0
21 LN -1 -1 -1 -1 4 1
22 IN 23 30 3 5.5 2 -1
23 IN 24 27 6 3.5 3 -1
24 IN 25 26 3 4.5 4 -1
25 LN -1 -1 -1 -1 5 1
26 LN -1 -1 -1 -1 5 0
27 IN 28 29 0 8.5 4 -1
28 LN -1 -1 -1 -1 5 1
29 LN -1 -1 -1 -1 5 1
30 LN -1 -1 -1 -1 3 1

[TREE 70]
NB_NODES: 43
0 IN 1 26 7 2.5 0 -1
1 IN 2 15 1 3.5 1 -1
2 IN 3 10 6 3.5 2 -1
3 IN 4 7 2 3.5 3 -1
4 IN 5 6 0 9.0 4 -1
5 LN -1 -1 -1 -1 5 0
6 LN -1 -1 -1 -1 5 1
7 IN 8 9 5 2.5 4 -1
8 LN -1 -1 -1 -1 5 0
9 LN -1 -1 -1 -1 5 1
10 IN 11 12 5 3.0 3 -1
11 LN -1 -1 -1 -1 4 0
12 IN 13 14 4 2.5 4 -1
13 LN -1 -1 -1 -1 5 0
14 LN -1 -1 -1 -1 5 1
15 IN 16 21 5 8.5 2 -1
16 IN 17 20 7 1.5 3 -1
17 IN 18 19 3 1.5 4 -1
18 LN -1 -1 -1 -1 5 0
19 LN -1 -1 -1 -1 5 1
20 LN -1 -1 -1 -1 4 0
21 IN 22 23 7 1.5 3 -1
22 LN -1 -1 -1 -1 4 1
23 IN 24 25 1 6.0 4 -1
24 LN -1 -1 -1 -1 5 0
25 LN -1 -1 -1 -1 5 1
26 IN 27 30 2 2.5 1 -1
27 IN 28 29 0 5.5 2 -1
28 LN -1 -1 -1 -1 3 0
29 LN -1 -1 -1 -1 3 1
30 IN 31 36 0 4.5 2 -1
31 IN 32 35 3 4.5 3 -1
32 IN 33 34 0 3.0 4 -1
33 LN -1 -1 -1 -1 5 1
34 LN -1 -1 -1 -1 5 0
35 LN -1 -1 -1 -1 4 1
36 IN 37 40 1 1.5 3 -1
37 IN 38 39 0 5.5 4 -1
38 LN -1 -1 -1 -1 5 0
39 LN -1 -1 -1 -1 5 1
40 IN 41 42 3 5.5 4 -1
41 LN -1 -1 -1 -1 5 1
42 LN -1 -1 -1 -1 5 1

[TREE 71]
NB_NODES: 33
0 IN 1 20 7 2.5 0 -1
1 IN 2 15 0 6.5 1 -1
2 IN 3 10 6 3.5 2 -1
3 IN 4 7 3 5.0 3 -1
4 IN 5 6 4 1.5 4 -1
5 LN -1 -1 -1 -1 5 0
6 LN -1 -1 -1 -1 5 0
7 IN 8 9 4 7.0 4 -1
8 LN -1 -1 -1 -1 5 0
9 LN -1 -1 -1 -1 5 1
10 IN 11 14 5 9.0 3 -1
11 IN 12 13 1 9.5 4 -1
12 LN -1 -1 -1 -1 5 0
13 LN -1 -1 -1 -1 5 1
14 LN -1 -1 -1 -1 4 1
15 IN 16 19 1 3.5 2 -1
16 IN 17 18 5 2.5 3 -1
17 LN -1 -1 -1 -1 4 0
18 LN -1 -1 -1 -1 4 1
19 LN -1 -1 -1 -1 3 1
20 IN 21 22 6 1.5 1 -1
21 LN -1 -1 -1 -1 2 0
22 IN 23 28 2 2.5 2 -1
23 IN 24 25 5 1.5 3 -1
24 LN -1 -1 -1 -1 4 0
25 IN 26 27 6 3.5 4 -1
26 LN -1 -1 -1 -1 5 0
27 LN -1 -1 -1 -1 5 1
28 IN 29 32 3 5.5 3 -1
29 IN 30 31 0 6.5 4 -1
30 LN -1 -1 -1 -1 5 1
31 LN -1 -1 -1 -1 5 1
32 LN -1 -1 -1 -1 4 1

[TREE 72]
NB_NODES: 35
0 IN 1 20 7 2.5 0 -1
1 IN 2 15 2 4.5 1 -1
2 IN 3 10 6 4.5 2 -1
3 IN 4 7 4 4.5 3 -1
4 IN 5 6 0 6.5 4 -1
5 LN -1 -1 -1 -1 5 0
6 LN -1 -1 -1 -1 5 1
7 IN 8 9 1 4.5 4 -1
8 LN -1 -1 -1 -1 5 0
9 LN -1 -1 -1 -1 5 1
10 IN 11 14 5 7.5 3 -1
11 IN 12 13 4 4.5 4 -1
12 LN -1 -1 -1 -1 5 0
13 LN -1 -1 -1 -1 5 1
14 LN -1 -1 -1 -1 4 1
15 IN 16 19 1 3.5 2 -1
16 IN 17 18 4 2.5 3 -1
17 LN -1 -1 -1 -1 4 0
18 LN -1 -1 -1 -1 4 1
19 LN -1 -1 -1 -1 3 1
20 IN 21 24 1 1.5 1 -1
21 IN 22 23 5 3.5 2 -1
22 LN -1 -1 -1 -1 3 0
23 LN -1 -1 -1 -1 3 1
24 IN 25 30 6 4.5 2 -1
25 IN 26 27 2 2.5 3 -1
26 LN -1 -1 -1 -1 4 0
27 IN 28 29 2 3.5 4 -1
28 LN -1 -1 -1 -1 5 1
29 LN -1 -1 -1 -1 5 1
30 IN 31 34 0 4.5 3 -1
31 IN 32 33 5 6.5 4 -1
32 LN -1 -1 -1 -1 5 1
33 LN -1 -1 -1 -1 5 1
34 LN -1 -1 -1 -1 4 1

[TREE 73]
NB_NODES: 39
0 IN 1 16 1 2.5 0 -1
1 IN 2 13 5 5.5 1 -1
2 IN 3 10 4 4.5 2 -1
3 IN 4 7 2 3.5 3 -1
4 IN 5 6 3 2.5 4 -1
5 LN -1 -1 -1 -1 5 0
6 LN -1 -1 -1 -1 5 0
7 IN 8 9 1 1.5 4 -1
8 LN -1 -1 -1 -1 5 0
9 LN -1 -1 -1 -1 5 0
10 IN 11 12 2 2.0 3 -1
11 LN -1 -1 -1 -1 4 0
12 LN -1 -1 -1 -1 4 1
13 IN 14 15 0 2.5 2 -1
14 LN -1 -1 -1 -1 3 0
15 LN -1 -1 -1 -1 3 1
16 IN 17 24 5 1.5 1 -1
17 IN 18 19 2 3.5 2 -1
18 LN -1 -1 -1 -1 3 0
19 IN 20 23 3 3.5 3 -1
20 IN 21 22 1 7.0 4 -1
21 LN -1 -1 -1 -1 5 0
22 LN -1 -1 -1 -1 5 1
23 LN -1 -1 -1 -1 4 1
24 IN 25 32 3 1.5 2 -1
25 IN 26 29 7 1.5 3 -1
26 IN 27 28 5 4.5 4 -1
27 LN -1 -1 -1 -1 5 1
28 LN -1 -1 -1 -1 5 0
29 IN 30 31 0 8.5 4 -1
30 LN -1 -1 -1 -1 5 1
31 LN -1 -1 -1 -1 5 1
32 IN 33 36 0 2.5 3 -1
33 IN 34 35 8 1.5 4 -1
34 LN -1 -1 -1 -1 5 1
35 LN -1 -1 -1 -1 5 0
36 IN 37 38 1 4.5 4 -1
37 LN -1 -1 -1 -1 5 1
38 LN -1 -1 -1 -1 5 1

[TREE 74]
NB_NODES: 35
0 IN 1 16 7 2.5 0 -1
1 IN 2 9 6 3.5 1 -1
2 IN 3 6 5 5.5 2 -1
3 IN 4 5 1 4.5 3 -1
4 LN -1 -1 -1 -1 4 0
5 LN -1 -1 -1 -1 4 1
6 IN 7 8 1 3.5 3 -1
7 LN -1 -1 -1 -1 4 1
8 LN -1 -1 -1 -1 4 0
9 IN 10 11 0 2.5 2 -1
10 LN -1 -1 -1 -1 3 0
11 IN 12 13 2 1.5 3 -1
12 LN -1 -1 -1 -1 4 0
13 IN 14 15 7 1.5 4 -1
14 LN -1 -1 -1 -1 5 1
15 LN -1 -1 -1 -1 5 1
16 IN 17 24 5 1.5 1 -1
17 IN 18 19 4 3.5 2 -1
18 LN -1 -1 -1 -1 3 0
19 IN 20 23 7 7.0 3 -1
20 IN 21 22 7 5.5 4 -1
21 LN -1 -1 -1 -1 5 1
22 LN -1 -1 -1 -1 5 0
23 LN -1 -1 -1 -1 4 1
24 IN 25 30 6 4.5 2 -1
25 IN 26 27 1 1.5 3 -1
26 LN -1 -1 -1 -1 4 0
27 IN 28 29 7 7.5 4 -1
28 LN -1 -1 -1 -1 5 1
29 LN -1 -1 -1 -1 5 1
30 IN 31 34 5 7.5 3 -1
31 IN 32 33 1 4.5 4 -1
32 LN -1 -1 -1 -1 5 0
33 LN -1 -1 -1 -1 5 1
34 LN -1 -1 -1 -1 4 1

[TREE 75]
NB_NODES: 25
0 IN 1 10 4 2.5 0 -1
1 IN 2 9 5 5.5 1 -1
2 IN 3 4 6 1.5 2 -1
3 LN -1 -1 -1 -1 3 0
4 IN 5 8 3 3.5 3 -1
5 IN 6 7 5 4.0 4 -1
6 LN -1 -1 -1 -1 5 0
7 LN -1 -1 -1 -1 5 0
8 LN -1 -1 -1 -1 4 1
9 LN -1 -1 -1 -1 2 1
10 IN 11 12 2 1.5 1 -1
11 LN -1 -1 -1 -1 2 0
12 IN 13 20 5 8.5 2 -1
13 IN 14 17 1 4.5 3 -1
14 IN 15 16 6 2.5 4 -1
15 LN -1 -1 -1 -1 5 0
16 LN -1 -1 -1 -1 5 1
17 IN 18 19 4 5.5 4 -1
18 LN -1 -1 -1 -1 5 1
19 LN -1 -1 -1 -1 5 1
20 IN 21 24 2 4.5 3 -1
21 IN 22 23 6 3.5 4 -1
22 LN -1 -1 -1 -1 5 1
23 LN -1 -1 -1 -1 5 1
24 LN -1 -1 -1 -1 4 1

[TREE 76]
NB_NODES: 39
0 IN 1 18 1 2.5 0 -1
1 IN 2 11 6 4.5 1 -1
2 IN 3 8 5 4.5 2 -1
3 IN 4 5 5 3.5 3 -1
4 LN -1 -1 -1 -1 4 0
5 IN 6 7 6 2.0 4 -1
6 LN -1 -1 -1 -1 5 0
7 LN -1 -1 -1 -1 5 1
8 IN 9 10 3 2.0 3 -1
9 LN -1 -1 -1 -1 4 0
10 LN -1 -1 -1 -1 4 1
11 IN 12 17 5 7.5 2 -1
12 IN 13 14 4 4.0 3 -1
13 LN -1 -1 -1 -1 4 0
14 IN 15 16 7 4.5 4 -1
15 LN -1 -1 -1 -1 5 1
16 LN -1 -1 -1 -1 5 0
17 LN -1 -1 -1 -1 3 1
18 IN 19 26 6 2.5 1 -1
19 IN 20 25 4 4.5 2 -1
20 IN 21 24 0 7.0 3 -1
21 IN 22 23 2 3.5 4 -1
22 LN -1 -1 -1 -1 5 0
23 LN -1 -1 -1 -1 5 1
24 LN -1 -1 -1 -1 4 1
25 LN -1 -1 -1 -1 3 1
26 IN 27 34 5 7.5 2 -1
27 IN 28 31 1 4.5 3 -1
28 IN 29 30 0 4.5 4 -1
29 LN -1 -1 -1 -1 5 0
30 LN -1 -1 -1 -1 5 1
31 IN 32 33 0 6.5 4 -1
32 LN -1 -1 -1 -1 5 1
33 LN -1 -1 -1 -1 5 1
34 IN 35 38 3 5.5 3 -1
35 IN 36 37 6 4.5 4 -1
36 LN -1 -1 -1 -1 5 1
37 LN -1 -1 -1 -1 5 1
38 LN -1 -1 -1 -1 4 1

[TREE 77]
NB_NODES: 33
0 IN 1 18 1 2.5 0 -1
1 IN 2 11 2 2.5 1 -1
2 IN 3 8 8 1.5 2 -1
3 IN 4 5 0 3.5 3 -1
4 LN -1 -1 -1 -1 4 0
5 IN 6 7 3 2.5 4 -1
6 LN -1 -1 -1 -1 5 0
7 LN -1 -1 -1 -1 5 0
8 IN 9 10 0 7.0 3 -1
9 LN -1 -1 -1 -1 4 0
10 LN -1 -1 -1 -1 4 1
11 IN 12 17 6 4.0 2 -1
12 IN 13 16 0 6.5 3 -1
13 IN 14 15 5 5.5 4 -1
14 LN -1 -1 -1 -1 5 0
15 LN -1 -1 -1 -1 5 1
16 LN -1 -1 -1 -1 4 1
17 LN -1 -1 -1 -1 3 1
18 IN 19 22 2 2.5 1 -1
19 IN 20 21 6 4.5 2 -1
20 LN -1 -1 -1 -1 3 0
21 LN -1 -1 -1 -1 3 1
22 IN 23 28 5 3.5 2 -1
23 IN 24 27 3 3.5 3 -1
24 IN 25 26 1 4.5 4 -1
25 LN -1 -1 -1 -1 5 0
26 LN -1 -1 -1 -1 5 1
27 LN -1 -1 -1 -1 4 1
28 IN 29 32 0 6.5 3 -1
29 IN 30 31 3 1.5 4 -1
30 LN -1 -1 -1 -1 5 0
31 LN -1 -1 -1 -1 5 1
32 LN -1 -1 -1 -1 4 1

[TREE 78]
NB_NODES: 41
0 IN 1 22 1 3.5 0 -1
1 IN 2 15 6 3.5 1 -1
2 IN 3 10 5 5.5 2 -1
3 IN 4 7 2 3.5 3 -1
4 IN 5 6 1 2.5 4 -1
5 LN -1 -1 -1 -1 5 0
6 LN -1 -1 -1 -1 5 0
7 IN 8 9 3 2.5 4 -1
8 LN -1 -1 -1 -1 5 0
9 LN -1 -1 -1 -1 5 1
10 IN 11 14 7 5.5 3 -1
11 IN 12 13 0 8.0 4 -1
12 LN -1 -1 -1 -1 5 0
13 LN -1 -1 -1 -1 5 1
14 LN -1 -1 -1 -1 4 1
15 IN 16 17 0 2.0 2 -1
16 LN -1 -1 -1 -1 3 0
17 IN 18 21 0 5.5 3 -1
18 IN 19 20 5 6.5 4 -1
19 LN -1 -1 -1 -1 5 0
20 LN -1 -1 -1 -1 5 1
21 LN -1 -1 -1 -1 4 1
22 IN 23 34 1 4.5 1 -1
23 IN 24 29 6 3.5 2 -1
24 IN 25 28 0 6.0 3 -1
25 IN 26 27 0 3.5 4 -1
26 LN -1 -1 -1 -1 5 1
27 LN -1 -1 -1 -1 5 0
28 LN -1 -1 -1 -1 4 1
29 IN 30 33 6 4.5 3 -1
30 IN 31 32 5 4.5 4 -1
31 LN -1 -1 -1 -1 5 0
32 LN -1 -1 -1 -1 5 1
33 LN -1 -1 -1 -1 4 1
34 IN 35 40 6 3.5 2 -1
35 IN 36 39 3 1.5 3 -1
36 IN 37 38 0 7.0 4 -1
37 LN -1 -1 -1 -1 5 0
38 LN -1 -1 -1 -1 5 1
39 LN -1 -1 -1 -1 4 1
40 LN -1 -1 -1 -1 3 1

[TREE 79]
NB_NODES: 41
0 IN 1 22 1 3.5 0 -1
1 IN 2 13 3 3.5 1 -1
2 IN 3 8 0 6.5 2 -1
3 IN 4 7 5 7.5 3 -1
4 IN 5 6 7 9.0 4 -1
5 LN -1 -1 -1 -1 5 0
6 LN -1 -1 -1 -1 5 1
7 LN -1 -1 -1 -1 4 1
8 IN 9 10 1 1.5 3 -1
9 LN -1 -1 -1 -1 4 0
10 IN 11 12 5 2.0 4 -1
11 LN -1 -1 -1 -1 5 0
12 LN -1 -1 -1 -1 5 1
13 IN 14 17 1 2.5 2 -1
14 IN 15 16 2 2.5 3 -1
15 LN -1 -1 -1 -1 4 0
16 LN -1 -1 -1 -1 4 1
17 IN 18 19 7 4.5 3 -1
18 LN -1 -1 -1 -1 4 1
19 IN 20 21 7 5.5 4 -1
20 LN -1 -1 -1 -1 5 0
21 LN -1 -1 -1 -1 5 1
22 IN 23 34 7 2.5 1 -1
23 IN 24 29 6 2.5 2 -1
24 IN 25 28 3 1.5 3 -1
25 IN 26 27 2 5.0 4 -1
26 LN -1 -1 -1 -1 5 0
27 LN -1 -1 -1 -1 5 1
28 LN -1 -1 -1 -1 4 0
29 IN 30 31 7 1.5 3 -1
30 LN -1 -1 -1 -1 4 1
31 IN 32 33 2 7.5 4 -1
32 LN -1 -1 -1 -1 5 0
33 LN -1 -1 -1 -1 5 1
34 IN 35 40 6 4.5 2 -1
35 IN 36 39 3 4.0 3 -1
36 IN 37 38 0 4.0 4 -1
37 LN -1 -1 -1 -1 5 0
38 LN -1 -1 -1 -1 5 1
39 LN -1 -1 -1 -1 4 1
40 LN -1 -1 -1 -1 3 1

[TREE 80]
NB_NODES: 37
0 IN 1 22 1 3.5 0 -1
1 IN 2 13 1 2.5 1 -1
2 IN 3 10 6 4.5 2 -1
3 IN 4 7 5 5.5 3 -1
4 IN 5 6 5 3.5 4 -1
5 LN -1 -1 -1 -1 5 0
6 LN -1 -1 -1 -1 5 0
7 IN 8 9 0 3.0 4 -1
8 LN -1 -1 -1 -1 5 0
9 LN -1 -1 -1 -1 5 1
10 IN 11 12 5 2.0 3 -1
11 LN -1 -1 -1 -1 4 0
12 LN -1 -1 -1 -1 4 1
13 IN 14 17 5 2.5 2 -1
14 IN 15 16 7 8.5 3 -1
15 LN -1 -1 -1 -1 4 0
16 LN -1 -1 -1 -1 4 1
17 IN 18 21 2 4.5 3 -1
18 IN 19 20 3 4.5 4 -1
19 LN -1 -1 -1 -1 5 1
20 LN -1 -1 -1 -1 5 1
21 LN -1 -1 -1 -1 4 1
22 IN 23 36 8 2.5 1 -1
23 IN 24 31 6 4.5 2 -1
24 IN 25 28 1 4.5 3 -1
25 IN 26 27 4 6.5 4 -1
26 LN -1 -1 -1 -1 5 1
27 LN -1 -1 -1 -1 5 0
28 IN 29 30 3 1.5 4 -1
29 LN -1 -1 -1 -1 5 1
30 LN -1 -1 -1 -1 5 1
31 IN 32 35 3 5.5 3 -1
32 IN 33 34 1 4.5 4 -1
33 LN -1 -1 -1 -1 5 1
34 LN -1 -1 -1 -1 5 1
35 LN -1 -1 -1 -1 4 1
36 LN -1 -1 -1 -1 2 1

[TREE 81]
NB_NODES: 41
0 IN 1 26 6 3.5 0 -1
1 IN 2 15 5 4.5 1 -1
2 IN 3 8 2 3.5 2 -1
3 IN 4 5 5 2.5 3 -1
4 LN -1 -1 -1 -1 4 0
5 IN 6 7 0 4.5 4 -1
6 LN -1 -1 -1 -1 5 0
7 LN -1 -1 -1 -1 5 1
8 IN 9 12 4 2.5 3 -1
9 IN 10 11 1 4.0 4 -1
10 LN -1 -1 -1 -1 5 0
11 LN -1 -1 -1 -1 5 1
12 IN 13 14 3 2.5 4 -1
13 LN -1 -1 -1 -1 5 0
14 LN -1 -1 -1 -1 5 1
15 IN 16 19 1 1.5 2 -1
16 IN 17 18 3 2.0 3 -1
17 LN -1 -1 -1 -1 4 0
18 LN -1 -1 -1 -1 4 1
19 IN 20 23 2 3.5 3 -1
20 IN 21 22 1 2.5 4 -1
21 LN -1 -1 -1 -1 5 1
22 LN -1 -1 -1 -1 5 0
23 IN 24 25 7 2.5 4 -1
24 LN -1 -1 -1 -1 5 1
25 LN -1 -1 -1 -1 5 1
26 IN 27 34 2 2.5 1 -1
27 IN 28 33 1 2.5 2 -1
28 IN 29 32 3 1.5 3 -1
29 IN 30 31 4 1.5 4 -1
30 LN -1 -1 -1 -1 5 0
31 LN -1 -1 -1 -1 5 0
32 LN -1 -1 -1 -1 4 0
33 LN -1 -1 -1 -1 3 1
34 IN 35 36 0 1.5 2 -1
35 LN -1 -1 -1 -1 3 0
36 IN 37 40 1 4.5 3 -1
37 IN 38 39 0 8.5 4 -1
38 LN -1 -1 -1 -1 5 1
39 LN -1 -1 -1 -1 5 1
40 LN -1 -1 -1 -1 4 1

[TREE 82]
NB_NODES: 37
0 IN 1 16 1 2.5 0 -1
1 IN 2 13 7 3.5 1 -1
2 IN 3 10 4 5.5 2 -1
3 IN 4 7 8 1.5 3 -1
4 IN 5 6 7 2.5 4 -1
5 LN -1 -1 -1 -1 5 0
6 LN -1 -1 -1 -1 5 0
7 IN 8 9 5 4.5 4 -1
8 LN -1 -1 -1 -1 5 0
9 LN -1 -1 -1 -1 5 1
10 IN 11 12 2 2.0 3 -1
11 LN -1 -1 -1 -1 4 0
12 LN -1 -1 -1 -1 4 1
13 IN 14 15 0 4.0 2 -1
14 LN -1 -1 -1 -1 3 0
15 LN -1 -1 -1 -1 3 1
16 IN 17 26 5 2.5 1 -1
17 IN 18 25 3 5.0 2 -1
18 IN 19 22 6 3.5 3 -1
19 IN 20 21 7 7.0 4 -1
20 LN -1 -1 -1 -1 5 0
21 LN -1 -1 -1 -1 5 1
22 IN 23 24 0 6.0 4 -1
23 LN -1 -1 -1 -1 5 0
24 LN -1 -1 -1 -1 5 1
25 LN -1 -1 -1 -1 3 1
26 IN 27 32 3 1.5 2 -1
27 IN 28 31 0 7.0 3 -1
28 IN 29 30 6 3.5 4 -1
29 LN -1 -1 -1 -1 5 0
30 LN -1 -1 -1 -1 5 1
31 LN -1 -1 -1 -1 4 1
32 IN 33 36 1 4.5 3 -1
33 IN 34 35 8 1.5 4 -1
34 LN -1 -1 -1 -1 5 1
35 LN -1 -1 -1 -1 5 1
36 LN -1 -1 -1 -1 4 1

[TREE 83]
NB_NODES: 35
0 IN 1 18 6 3.5 0 -1
1 IN 2 11 2 3.5 1 -1
2 IN 3 6 3 2.5 2 -1
3 IN 4 5 1 6.5 3 -1
4 LN -1 -1 -1 -1 4 0
5 LN -1 -1 -1 -1 4 1
6 IN 7 10 5 4.5 3 -1
7 IN 8 9 6 2.5 4 -1
8 LN -1 -1 -1 -1 5 0
9 LN -1 -1 -1 -1 5 0
10 LN -1 -1 -1 -1 4 1
11 IN 12 13 1 1.5 2 -1
12 LN -1 -1 -1 -1 3 0
13 IN 14 17 0 6.5 3 -1
14 IN 15 16 3 1.5 4 -1
15 LN -1 -1 -1 -1 5 0
16 LN -1 -1 -1 -1 5 1
17 LN -1 -1 -1 -1 4 1
18 IN 19 24 4 2.5 1 -1
19 IN 20 23 0 6.5 2 -1
20 IN 21 22 7 3.5 3 -1
21 LN -1 -1 -1 -1 4 0
22 LN -1 -1 -1 -1 4 1
23 LN -1 -1 -1 -1 3 1
24 IN 25 30 6 4.5 2 -1
25 IN 26 29 7 7.5 3 -1
26 IN 27 28 0 6.5 4 -1
27 LN -1 -1 -1 -1 5 0
28 LN -1 -1 -1 -1 5 1
29 LN -1 -1 -1 -1 4 1
30 IN 31 34 5 7.5 3 -1
31 IN 32 33 5 6.5 4 -1
32 LN -1 -1 -1 -1 5 1
33 LN -1 -1 -1 -1 5 0
34 LN -1 -1 -1 -1 4 1

[TREE 84]
NB_NODES: 37
0 IN 1 12 1 2.5 0 -1
1 IN 2 11 0 7.5 1 -1
2 IN 3 8 4 5.5 2 -1
3 IN 4 5 5 6.0 3 -1
4 LN -1 -1 -1 -1 4 0
5 IN 6 7 0 3.0 4 -1
6 LN -1 -1 -1 -1 5 0
7 LN -1 -1 -1 -1 5 1
8 IN 9 10 2 2.0 3 -1
9 LN -1 -1 -1 -1 4 0
10 LN -1 -1 -1 -1 4 1
11 LN -1 -1 -1 -1 2 1
12 IN 13 24 5 2.5 1 -1
13 IN 14 19 0 5.5 2 -1
14 IN 15 16 4 3.5 3 -1
15 LN -1 -1 -1 -1 4 0
16 IN 17 18 0 2.5 4 -1
17 LN -1 -1 -1 -1 5 0
18 LN -1 -1 -1 -1 5 1
19 IN 20 23 1 3.5 3 -1
20 IN 21 22 2 3.5 4 -1
21 LN -1 -1 -1 -1 5 0
22 LN -1 -1 -1 -1 5 1
23 LN -1 -1 -1 -1 4 1
24 IN 25 30 2 2.5 2 -1
25 IN 26 29 8 3.0 3 -1
26 IN 27 28 5 7.5 4 -1
27 LN -1 -1 -1 -1 5 0
28 LN -1 -1 -1 -1 5 1
29 LN -1 -1 -1 -1 4 1
30 IN 31 34 1 4.5 3 -1
31 IN 32 33 5 4.5 4 -1
32 LN -1 -1 -1 -1 5 1
33 LN -1 -1 -1 -1 5 1
34 IN 35 36 3 5.5 4 -1
35 LN -1 -1 -1 -1 5 1
36 LN -1 -1 -1 -1 5 1

[TREE 85]
NB_NODES: 33
0 IN 1 16 5 2.5 0 -1
1 IN 2 9 4 4.5 1 -1
2 IN 3 6 0 7.5 2 -1
3 IN 4 5 3 7.0 3 -1
4 LN -1 -1 -1 -1 4 0
5 LN -1 -1 -1 -1 4 1
6 IN 7 8 2 4.0 3 -1
7 LN -1 -1 -1 -1 4 0
8 LN -1 -1 -1 -1 4 1
9 IN 10 11 0 2.0 2 -1
10 LN -1 -1 -1 -1 3 0
11 IN 12 13 2 1.5 3 -1
12 LN -1 -1 -1 -1 4 0
13 IN 14 15 1 5.0 4 -1
14 LN -1 -1 -1 -1 5 1
15 LN -1 -1 -1 -1 5 1
16 IN 17 22 1 1.5 1 -1
17 IN 18 19 0 3.5 2 -1
18 LN -1 -1 -1 -1 3 0
19 IN 20 21 0 4.5 3 -1
20 LN -1 -1 -1 -1 4 1
21 LN -1 -1 -1 -1 4 0
22 IN 23 28 2 5.5 2 -1
23 IN 24 27 1 4.5 3 -1
24 IN 25 26 6 4.5 4 -1
25 LN -1 -1 -1 -1 5 1
26 LN -1 -1 -1 -1 5 1
27 LN -1 -1 -1 -1 4 1
28 IN 29 32 3 1.5 3 -1
29 IN 30 31 0 6.5 4 -1
30 LN -1 -1 -1 -1 5 1
31 LN -1 -1 -1 -1 5 1
32 LN -1 -1 -1 -1 4 1

[TREE 86]
NB_NODES: 35
0 IN 1 14 1 2.5 0 -1
1 IN 2 9 7 2.5 1 -1
2 IN 3 4 1 1.5 2 -1
3 LN -1 -1 -1 -1 3 0
4 IN 5 6 5 2.0 3 -1
5 LN -1 -1 -1 -1 4 0
6 IN 7 8 5 5.0 4 -1
7 LN -1 -1 -1 -1 5 0
8 LN -1 -1 -1 -1 5 1
9 IN 10 13 3 3.5 2 -1
10 IN 11 12 0 5.5 3 -1
11 LN -1 -1 -1 -1 4 0
12 LN -1 -1 -1 -1 4 1
13 LN -1 -1 -1 -1 3 1
14 IN 15 22 5 1.5 1 -1
15 IN 16 21 2 8.0 2 -1
16 IN 17 20 4 5.0 3 -1
17 IN 18 19 7 8.0 4 -1
18 LN -1 -1 -1 -1 5 0
19 LN -1 -1 -1 -1 5 1
20 LN -1 -1 -1 -1 4 1
21 LN -1 -1 -1 -1 3 1
22 IN 23 30 3 5.5 2 -1
23 IN 24 27 2 4.5 3 -1
24 IN 25 26 7 2.5 4 -1
25 LN -1 -1 -1 -1 5 0
26 LN -1 -1 -1 -1 5 1
27 IN 28 29 4 4.5 4 -1
28 LN -1 -1 -1 -1 5 1
29 LN -1 -1 -1 -1 5 1
30 IN 31 34 5 3.5 3 -1
31 IN 32 33 1 4.5 4 -1
32 LN -1 -1 -1 -1 5 0
33 LN -1 -1 -1 -1 5 1
34 LN -1 -1 -1 -1 4 1

[TREE 87]
NB_NODES: 37
0 IN 1 22 1 3.5 0 -1
1 IN 2 11 1 2.5 1 -1
2 IN 3 8 6 4.5 2 -1
3 IN 4 5 3 2.5 3 -1
4 LN -1 -1 -1 -1 4 0
5 IN 6 7 4 1.5 4 -1
6 LN -1 -1 -1 -1 5 0
7 LN -1 -1 -1 -1 5 0
8 IN 9 10 2 1.5 3 -1
9 LN -1 -1 -1 -1 4 0
10 LN -1 -1 -1 -1 4 1
11 IN 12 15 5 2.5 2 -1
12 IN 13 14 7 8.5 3 -1
13 LN -1 -1 -1 -1 4 0
14 LN -1 -1 -1 -1 4 1
15 IN 16 19 7 4.5 3 -1
16 IN 17 18 0 4.0 4 -1
17 LN -1 -1 -1 -1 5 1
18 LN -1 -1 -1 -1 5 1
19 IN 20 21 2 4.5 4 -1
20 LN -1 -1 -1 -1 5 0
21 LN -1 -1 -1 -1 5 1
22 IN 23 36 3 5.5 1 -1
23 IN 24 31 6 4.5 2 -1
24 IN 25 28 0 6.5 3 -1
25 IN 26 27 8 5.5 4 -1
26 LN -1 -1 -1 -1 5 0
27 LN -1 -1 -1 -1 5 1
28 IN 29 30 5 1.5 4 -1
29 LN -1 -1 -1 -1 5 0
30 LN -1 -1 -1 -1 5 1
31 IN 32 35 0 4.5 3 -1
32 IN 33 34 2 5.0 4 -1
33 LN -1 -1 -1 -1 5 0
34 LN -1 -1 -1 -1 5 1
35 LN -1 -1 -1 -1 4 1
36 LN -1 -1 -1 -1 2 1

[TREE 88]
NB_NODES: 39
0 IN 1 20 2 3.5 0 -1
1 IN 2 11 6 3.5 1 -1
2 IN 3 10 7 8.0 2 -1
3 IN 4 7 4 5.5 3 -1
4 IN 5 6 5 4.5 4 -1
5 LN -1 -1 -1 -1 5 0
6 LN -1 -1 -1 -1 5 0
7 IN 8 9 4 8.0 4 -1
8 LN -1 -1 -1 -1 5 1
9 LN -1 -1 -1 -1 5 0
10 LN -1 -1 -1 -1 3 1
11 IN 12 15 0 4.0 2 -1
12 IN 13 14 5 7.5 3 -1
13 LN -1 -1 -1 -1 4 0
14 LN -1 -1 -1 -1 4 1
15 IN 16 17 5 1.5 3 -1
16 LN -1 -1 -1 -1 4 0
17 IN 18 19 7 2.0 4 -1
18 LN -1 -1 -1 -1 5 1
19 LN -1 -1 -1 -1 5 1
20 IN 21 26 6 2.5 1 -1
21 IN 22 25 4 3.5 2 -1
22 IN 23 24 5 4.0 3 -1
23 LN -1 -1 -1 -1 4 0
24 LN -1 -1 -1 -1 4 1
25 LN -1 -1 -1 -1 3 1
26 IN 27 34 5 8.5 2 -1
27 IN 28 31 0 6.5 3 -1
28 IN 29 30 7 8.0 4 -1
29 LN -1 -1 -1 -1 5 0
30 LN -1 -1 -1 -1 5 1
31 IN 32 33 2 6.5 4 -1
32 LN -1 -1 -1 -1 5 1
33 LN -1 -1 -1 -1 5 1
34 IN 35 38 2 4.5 3 -1
35 IN 36 37 0 5.5 4 -1
36 LN -1 -1 -1 -1 5 1
37 LN -1 -1 -1 -1 5 1
38 LN -1 -1 -1 -1 4 1

[TREE 89]
NB_NODES: 39
0 IN 1 22 2 3.5 0 -1
1 IN 2 15 0 6.5 1 -1
2 IN 3 10 5 6.0 2 -1
3 IN 4 7 8 2.5 3 -1
4 IN 5 6 2 1.5 4 -1
5 LN -1 -1 -1 -1 5 0
6 LN -1 -1 -1 -1 5 0
7 IN 8 9 7 2.5 4 -1
8 LN -1 -1 -1 -1 5 0
9 LN -1 -1 -1 -1 5 1
10 IN 11 12 0 2.0 3 -1
11 LN -1 -1 -1 -1 4 0
12 IN 13 14 0 5.5 4 -1
13 LN -1 -1 -1 -1 5 1
14 LN -1 -1 -1 -1 5 0
15 IN 16 21 8 1.5 2 -1
16 IN 17 20 6 4.0 3 -1
17 IN 18 19 5 3.0 4 -1
18 LN -1 -1 -1 -1 5 0
19 LN -1 -1 -1 -1 5 1
20 LN -1 -1 -1 -1 4 1
21 LN -1 -1 -1 -1 3 1
22 IN 23 32 0 6.5 1 -1
23 IN 24 25 6 1.5 2 -1
24 LN -1 -1 -1 -1 3 0
25 IN 26 29 5 8.5 3 -1
26 IN 27 28 6 4.5 4 -1
27 LN -1 -1 -1 -1 5 1
28 LN -1 -1 -1 -1 5 1
29 IN 30 31 6 3.5 4 -1
30 LN -1 -1 -1 -1 5 1
31 LN -1 -1 -1 -1 5 1
32 IN 33 38 1 4.5 2 -1
33 IN 34 37 0 8.5 3 -1
34 IN 35 36 5 8.0 4 -1
35 LN -1 -1 -1 -1 5 1
36 LN -1 -1 -1 -1 5 1
37 LN -1 -1 -1 -1 4 1
38 LN -1 -1 -1 -1 3 1

[TREE 90]
NB_NODES: 43
0 IN 1 26 1 3.5 0 -1
1 IN 2 15 7 2.5 1 -1
2 IN 3 10 6 3.5 2 -1
3 IN 4 7 4 1.5 3 -1
4 IN 5 6 5 4.0 4 -1
5 LN -1 -1 -1 -1 5 0
6 LN -1 -1 -1 -1 5 1
7 IN 8 9 0 9.0 4 -1
8 LN -1 -1 -1 -1 5 0
9 LN -1 -1 -1 -1 5 1
10 IN 11 12 2 1.5 3 -1
11 LN -1 -1 -1 -1 4 0
12 IN 13 14 4 2.5 4 -1
13 LN -1 -1 -1 -1 5 0
14 LN -1 -1 -1 -1 5 1
15 IN 16 21 2 3.5 2 -1
16 IN 17 20 0 6.5 3 -1
17 IN 18 19 5 2.5 4 -1
18 LN -1 -1 -1 -1 5 0
19 LN -1 -1 -1 -1 5 0
20 LN -1 -1 -1 -1 4 1
21 IN 22 23 3 2.5 3 -1
22 LN -1 -1 -1 -1 4 1
23 IN 24 25 7 6.0 4 -1
24 LN -1 -1 -1 -1 5 1
25 LN -1 -1 -1 -1 5 0
26 IN 27 36 1 4.5 1 -1
27 IN 28 33 5 7.5 2 -1
28 IN 29 30 4 2.5 3 -1
29 LN -1 -1 -1 -1 4 0
30 IN 31 32 5 6.0 4 -1
31 LN -1 -1 -1 -1 5 1
32 LN -1 -1 -1 -1 5 0
33 IN 34 35 4 6.5 3 -1
34 LN -1 -1 -1 -1 4 1
35 LN -1 -1 -1 -1 4 0
36 IN 37 42 7 2.5 2 -1
37 IN 38 41 0 6.5 3 -1
38 IN 39 40 7 1.5 4 -1
39 LN -1 -1 -1 -1 5 1
40 LN -1 -1 -1 -1 5 0
41 LN -1 -1 -1 -1 4 1
42 LN -1 -1 -1 -1 3 1

[TREE 91]
NB_NODES: 41
0 IN 1 18 1 2.5 0 -1
1 IN 2 7 5 2.5 1 -1
2 IN 3 4 0 7.5 2 -1
3 LN -1 -1 -1 -1 3 0
4 IN 5 6 2 2.5 3 -1
5 LN -1 -1 -1 -1 4 0
6 LN -1 -1 -1 -1 4 1
7 IN 8 13 2 1.5 2 -1
8 IN 9 10 3 2.5 3 -1
9 LN -1 -1 -1 -1 4 0
10 IN 11 12 5 4.0 4 -1
11 LN -1 -1 -1 -1 5 0
12 LN -1 -1 -1 -1 5 1
13 IN 14 17 5 4.5 3 -1
14 IN 15 16 4 4.5 4 -1
15 LN -1 -1 -1 -1 5 0
16 LN -1 -1 -1 -1 5 1
17 LN -1 -1 -1 -1 4 1
18 IN 19 32 3 3.5 1 -1
19 IN 20 25 2 2.5 2 -1
20 IN 21 22 4 2.5 3 -1
21 LN -1 -1 -1 -1 4 0
22 IN 23 24 5 2.5 4 -1
23 LN -1 -1 -1 -1 5 0
24 LN -1 -1 -1 -1 5 1
25 IN 26 29 5 3.5 3 -1
26 IN 27 28 4 3.5 4 -1
27 LN -1 -1 -1 -1 5 0
28 LN -1 -1 -1 -1 5 1
29 IN 30 31 7 3.5 4 -1
30 LN -1 -1 -1 -1 5 1
31 LN -1 -1 -1 -1 5 1
32 IN 33 40 1 4.5 2 -1
33 IN 34 37 7 4.5 3 -1
34 IN 35 36 5 6.5 4 -1
35 LN -1 -1 -1 -1 5 1
36 LN -1 -1 -1 -1 5 1
37 IN 38 39 3 4.5 4 -1
38 LN -1 -1 -1 -1 5 1
39 LN -1 -1 -1 -1 5 0
40 LN -1 -1 -1 -1 3 1

[TREE 92]
NB_NODES: 31
0 IN 1 16 7 2.5 0 -1
1 IN 2 9 3 3.5 1 -1
2 IN 3 8 2 4.5 2 -1
3 IN 4 5 2 1.5 3 -1
4 LN -1 -1 -1 -1 4 0
5 IN 6 7 0 9.0 4 -1
6 LN -1 -1 -1 -1 5 0
7 LN -1 -1 -1 -1 5 1
8 LN -1 -1 -1 -1 3 1
9 IN 10 11 6 2.5 2 -1
10 LN -1 -1 -1 -1 3 0
11 IN 12 15 0 6.0 3 -1
12 IN 13 14 2 4.5 4 -1
13 LN -1 -1 -1 -1 5 0
14 LN -1 -1 -1 -1 5 1
15 LN -1 -1 -1 -1 4 1
16 IN 17 20 1 1.5 1 -1
17 IN 18 19 0 4.5 2 -1
18 LN -1 -1 -1 -1 3 0
19 LN -1 -1 -1 -1 3 1
20 IN 21 26 2 2.5 2 -1
21 IN 22 25 3 7.0 3 -1
22 IN 23 24 1 3.5 4 -1
23 LN -1 -1 -1 -1 5 0
24 LN -1 -1 -1 -1 5 1
25 LN -1 -1 -1 -1 4 1
26 IN 27 30 5 8.5 3 -1
27 IN 28 29 6 3.5 4 -1
28 LN -1 -1 -1 -1 5 1
29 LN -1 -1 -1 -1 5 1
30 LN -1 -1 -1 -1 4 1

[TREE 93]
NB_NODES: 35
0 IN 1 20 6 3.5 0 -1
1 IN 2 13 5 4.5 1 -1
2 IN 3 8 7 2.5 2 -1
3 IN 4 5 8 4.0 3 -1
4 LN -1 -1 -1 -1 4 0
5 IN 6 7 0 4.0 4 -1
6 LN -1 -1 -1 -1 5 0
7 LN -1 -1 -1 -1 5 1
8 IN 9 10 2 2.5 3 -1
9 LN -1 -1 -1 -1 4 0
10 IN 11 12 2 4.5 4 -1
11 LN -1 -1 -1 -1 5 1
12 LN -1 -1 -1 -1 5 0
13 IN 14 17 3 1.5 2 -1
14 IN 15 16 0 6.5 3 -1
15 LN -1 -1 -1 -1 4 0
16 LN -1 -1 -1 -1 4 1
17 IN 18 19 1 1.5 3 -1
18 LN -1 -1 -1 -1 4 0
19 LN -1 -1 -1 -1 4 1
20 IN 21 24 0 2.5 1 -1
21 IN 22 23 2 5.0 2 -1
22 LN -1 -1 -1 -1 3 0
23 LN -1 -1 -1 -1 3 1
24 IN 25 30 5 2.5 2 -1
25 IN 26 29 8 2.0 3 -1
26 IN 27 28 3 3.5 4 -1
27 LN -1 -1 -1 -1 5 0
28 LN -1 -1 -1 -1 5 1
29 LN -1 -1 -1 -1 4 1
30 IN 31 34 5 8.5 3 -1
31 IN 32 33 7 3.5 4 -1
32 LN -1 -1 -1 -1 5 1
33 LN -1 -1 -1 -1 5 1
34 LN -1 -1 -1 -1 4 1

[TREE 94]
NB_NODES: 31
0 IN 1 10 5 2.5 0 -1
1 IN 2 9 2 6.5 1 -1
2 IN 3 8 7 9.0 2 -1
3 IN 4 5 1 3.5 3 -1
4 LN -1 -1 -1 -1 4 0
5 IN 6 7 3 3.5 4 -1
6 LN -1 -1 -1 -1 5 0
7 LN -1 -1 -1 -1 5 1
8 LN -1 -1 -1 -1 3 1
9 LN -1 -1 -1 -1 2 1
10 IN 11 18 1 1.5 1 -1
11 IN 12 17 7 2.5 2 -1
12 IN 13 14 0 3.5 3 -1
13 LN -1 -1 -1 -1 4 0
14 IN 15 16 2 1.5 4 -1
15 LN -1 -1 -1 -1 5 0
16 LN -1 -1 -1 -1 5 0
17 LN -1 -1 -1 -1 3 1
18 IN 19 24 2 2.5 2 -1
19 IN 20 21 5 3.5 3 -1
20 LN -1 -1 -1 -1 4 0
21 IN 22 23 4 2.5 4 -1
22 LN -1 -1 -1 -1 5 0
23 LN -1 -1 -1 -1 5 1
24 IN 25 28 6 3.5 3 -1
25 IN 26 27 4 2.5 4 -1
26 LN -1 -1 -1 -1 5 1
27 LN -1 -1 -1 -1 5 1
28 IN 29 30 5 7.5 4 -1
29 LN -1 -1 -1 -1 5 1
30 LN -1 -1 -1 -1 5 1

[TREE 95]
NB_NODES: 37
0 IN 1 20 2 3.5 0 -1
1 IN 2 11 5 5.5 1 -1
2 IN 3 10 1 3.5 2 -1
3 IN 4 7 6 3.5 3 -1
4 IN 5 6 5 2.5 4 -1
5 LN -1 -1 -1 -1 5 0
6 LN -1 -1 -1 -1 5 0
7 IN 8 9 4 2.5 4 -1
8 LN -1 -1 -1 -1 5 0
9 LN -1 -1 -1 -1 5 0
10 LN -1 -1 -1 -1 3 1
11 IN 12 17 8 2.5 2 -1
12 IN 13 16 2 1.5 3 -1
13 IN 14 15 0 5.5 4 -1
14 LN -1 -1 -1 -1 5 0
15 LN -1 -1 -1 -1 5 1
16 LN -1 -1 -1 -1 4 1
17 IN 18 19 8 3.5 3 -1
18 LN -1 -1 -1 -1 4 0
19 LN -1 -1 -1 -1 4 1
20 IN 21 30 3 1.5 1 -1
21 IN 22 25 4 2.5 2 -1
22 IN 23 24 2 7.0 3 -1
23 LN -1 -1 -1 -1 4 0
24 LN -1 -1 -1 -1 4 1
25 IN 26 29 0 6.0 3 -1
26 IN 27 28 6 3.5 4 -1
27 LN -1 -1 -1 -1 5 0
28 LN -1 -1 -1 -1 5 1
29 LN -1 -1 -1 -1 4 1
30 IN 31 36 1 4.5 2 -1
31 IN 32 35 2 5.5 3 -1
32 IN 33 34 0 6.0 4 -1
33 LN -1 -1 -1 -1 5 0
34 LN -1 -1 -1 -1 5 1
35 LN -1 -1 -1 -1 4 1
36 LN -1 -1 -1 -1 3 1

[TREE 96]
NB_NODES: 37
0 IN 1 22 6 3.5 0 -1
1 IN 2 15 2 3.5 1 -1
2 IN 3 10 8 1.5 2 -1
3 IN 4 7 7 3.5 3 -1
4 IN 5 6 5 4.5 4 -1
5 LN -1 -1 -1 -1 5 0
6 LN -1 -1 -1 -1 5 0
7 IN 8 9 3 1.5 4 -1
8 LN -1 -1 -1 -1 5 0
9 LN -1 -1 -1 -1 5 1
10 IN 11 12 1 1.5 3 -1
11 LN -1 -1 -1 -1 4 0
12 IN 13 14 0 4.5 4 -1
13 LN -1 -1 -1 -1 5 0
14 LN -1 -1 -1 -1 5 1
15 IN 16 17 1 2.5 2 -1
16 LN -1 -1 -1 -1 3 0
17 IN 18 21 3 1.5 3 -1
18 IN 19 20 5 1.5 4 -1
19 LN -1 -1 -1 -1 5 0
20 LN -1 -1 -1 -1 5 1
21 LN -1 -1 -1 -1 4 1
22 IN 23 24 2 1.5 1 -1
23 LN -1 -1 -1 -1 2 0
24 IN 25 30 1 3.5 2 -1
25 IN 26 29 2 4.5 3 -1
26 IN 27 28 5 2.5 4 -1
27 LN -1 -1 -1 -1 5 0
28 LN -1 -1 -1 -1 5 1
29 LN -1 -1 -1 -1 4 1
30 IN 31 34 1 4.5 3 -1
31 IN 32 33 4 4.5 4 -1
32 LN -1 -1 -1 -1 5 1
33 LN -1 -1 -1 -1 5 1
34 IN 35 36 7 2.5 4 -1
35 LN -1 -1 -1 -1 5 1
36 LN -1 -1 -1 -1 5 1

[TREE 97]
NB_NODES: 43
0 IN 1 24 1 3.5 0 -1
1 IN 2 13 6 3.5 1 -1
2 IN 3 10 4 4.5 2 -1
3 IN 4 7 3 3.5 3 -1
4 IN 5 6 0 9.0 4 -1
5 LN -1 -1 -1 -1 5 0
6 LN -1 -1 -1 -1 5 1
7 IN 8 9 2 2.5 4 -1
8 LN -1 -1 -1 -1 5 0
9 LN -1 -1 -1 -1 5 1
10 IN 11 12 2 2.0 3 -1
11 LN -1 -1 -1 -1 4 0
12 LN -1 -1 -1 -1 4 1
13 IN 14 17 5 2.5 2 -1
14 IN 15 16 2 3.5 3 -1
15 LN -1 -1 -1 -1 4 0
16 LN -1 -1 -1 -1 4 1
17 IN 18 21 2 1.5 3 -1
18 IN 19 20 5 7.5 4 -1
19 LN -1 -1 -1 -1 5 0
20 LN -1 -1 -1 -1 5 1
21 IN 22 23 7 6.5 4 -1
22 LN -1 -1 -1 -1 5 1
23 LN -1 -1 -1 -1 5 1
24 IN 25 36 5 8.5 1 -1
25 IN 26 31 7 4.5 2 -1
26 IN 27 30 8 2.0 3 -1
27 IN 28 29 3 5.5 4 -1
28 LN -1 -1 -1 -1 5 0
29 LN -1 -1 -1 -1 5 1
30 LN -1 -1 -1 -1 4 1
31 IN 32 35 6 4.5 3 -1
32 IN 33 34 0 4.0 4 -1
33 LN -1 -1 -1 -1 5 0
34 LN -1 -1 -1 -1 5 1
35 LN -1 -1 -1 -1 4 1
36 IN 37 42 7 2.5 2 -1
37 IN 38 41 2 4.5 3 -1
38 IN 39 40 4 6.5 4 -1
39 LN -1 -1 -1 -1 5 1
40 LN -1 -1 -1 -1 5 0
41 LN -1 -1 -1 -1 4 1
42 LN -1 -1 -1 -1 3 1

[TREE 98]
NB_NODES: 29
0 IN 1 20 6 3.5 0 -1
1 IN 2 13 1 4.5 1 -1
2 IN 3 8 2 3.5 2 -1
3 IN 4 5 5 5.5 3 -1
4 LN -1 -1 -1 -1 4 0
5 IN 6 7 3 4.5 4 -1
6 LN -1 -1 -1 -1 5 1
7 LN -1 -1 -1 -1 5 0
8 IN 9 12 0 6.0 3 -1
9 IN 10 11 3 7.5 4 -1
10 LN -1 -1 -1 -1 5 0
11 LN -1 -1 -1 -1 5 1
12 LN -1 -1 -1 -1 4 1
13 IN 14 19 3 1.5 2 -1
14 IN 15 16 5 3.5 3 -1
15 LN -1 -1 -1 -1 4 1
16 IN 17 18 7 5.0 4 -1
17 LN -1 -1 -1 -1 5 1
18 LN -1 -1 -1 -1 5 0
19 LN -1 -1 -1 -1 3 1
20 IN 21 22 2 1.5 1 -1
21 LN -1 -1 -1 -1 2 0
22 IN 23 28 1 4.5 2 -1
23 IN 24 27 3 6.0 3 -1
24 IN 25 26 4 2.5 4 -1
25 LN -1 -1 -1 -1 5 0
26 LN -1 -1 -1 -1 5 1
27 LN -1 -1 -1 -1 4 1
28 LN -1 -1 -1 -1 3 1

[TREE 99]
NB_NODES: 31
0 IN 1 18 6 3.5 0 -1
1 IN 2 13 0 6.5 1 -1
2 IN 3 8 1 4.5 2 -1
3 IN 4 5 1 2.5 3 -1
4 LN -1 -1 -1 -1 4 0
5 IN 6 7 7 2.5 4 -1
6 LN -1 -1 -1 -1 5 0
7 LN -1 -1 -1 -1 5 1
8 IN 9 10 7 6.5 3 -1
9 LN -1 -1 -1 -1 4 1
10 IN 11 12 3 4.5 4 -1
11 LN -1 -1 -1 -1 5 0
12 LN -1 -1 -1 -1 5 1
13 IN 14 17 5 2.0 2 -1
14 IN 15 16 4 4.0 3 -1
15 LN -1 -1 -1 -1 4 0
16 LN -1 -1 -1 -1 4 1
17 LN -1 -1 -1 -1 3 1
18 IN 19 20 2 1.5 1 -1
19 LN -1 -1 -1 -1 2 0
20 IN 21 24 5 1.5 2 -1
21 IN 22 23 4 3.5 3 -1
22 LN -1 -1 -1 -1 4 0
23 LN -1 -1 -1 -1 4 1
24 IN 25 28 2 4.5 3 -1
25 IN 26 27 0 5.5 4 -1
26 LN -1 -1 -1 -1 5 1
27 LN -1 -1 -1 -1 5 1
28 IN 29 30 0 3.5 4 -1
29 LN -1 -1 -1 -1 5 1
30 LN -1 -1 -1 -1 5 1

